1 0 13 0 18.392412 STANDARD
1 0 486 0 16.332855 STANDARD
1 0 184 0 16.255806 STANDARD
1 0 1268 0 12.278119 STANDARD
1 0 792 0 11.756601 STANDARD
1 0 12 0 11.680734 STANDARD
1 0 875 0 11.287652 STANDARD
1 0 746 0 11.206197 STANDARD
1 0 51 0 10.804796 STANDARD
1 0 1362 0 10.2556505 STANDARD
2 0 12 0 22.79614 STANDARD
2 0 746 0 19.780756 STANDARD
2 0 792 0 16.377777 STANDARD
2 0 141 0 12.730374 STANDARD
2 0 700 0 12.641348 STANDARD
2 0 51 0 11.2669735 STANDARD
2 0 606 0 10.23843 STANDARD
2 0 724 0 9.745336 STANDARD
2 0 883 0 9.64625 STANDARD
2 0 810 0 9.527848 STANDARD
4 0 399 0 21.818481 STANDARD
4 0 144 0 17.364523 STANDARD
4 0 181 0 15.808851 STANDARD
4 0 5 0 13.579523 STANDARD
4 0 485 0 12.725364 STANDARD
4 0 542 0 12.086172 STANDARD
4 0 586 0 10.251873 STANDARD
4 0 270 0 8.886664 STANDARD
4 0 584 0 8.789331 STANDARD
4 0 350 0 8.136421 STANDARD
8 0 166 0 27.915495 STANDARD
8 0 488 0 20.242424 STANDARD
8 0 240 0 16.75089 STANDARD
8 0 1252 0 14.186561 STANDARD
8 0 236 0 13.972049 STANDARD
8 0 1312 0 13.174186 STANDARD
8 0 410 0 13.1025305 STANDARD
8 0 849 0 13.078813 STANDARD
8 0 185 0 12.987585 STANDARD
8 0 1085 0 12.972529 STANDARD
9 0 103 0 9.857855 STANDARD
9 0 552 0 9.316886 STANDARD
9 0 1296 0 8.406303 STANDARD
9 0 1272 0 7.6665673 STANDARD
9 0 540 0 7.641236 STANDARD
9 0 746 0 7.3469663 STANDARD
9 0 650 0 7.1670694 STANDARD
9 0 813 0 7.116846 STANDARD
9 0 1032 0 6.7985883 STANDARD
9 0 28 0 6.482253 STANDARD
10 0 491 0 12.40659 STANDARD
10 0 240 0 9.02127 STANDARD
10 0 544 0 8.940198 STANDARD
10 0 386 0 8.4943 STANDARD
10 0 558 0 8.345006 STANDARD
10 0 646 0 8.343846 STANDARD
10 0 1273 0 8.181884 STANDARD
10 0 385 0 8.105169 STANDARD
10 0 997 0 8.019569 STANDARD
10 0 1374 0 7.9427123 STANDARD
12 0 492 0 54.347073 STANDARD
12 0 56 0 30.429281 STANDARD
12 0 57 0 30.267471 STANDARD
12 0 240 0 27.276367 STANDARD
12 0 248 0 24.833471 STANDARD
12 0 354 0 24.55374 STANDARD
12 0 973 0 23.708134 STANDARD
12 0 48 0 23.202745 STANDARD
12 0 469 0 22.023806 STANDARD
12 0 907 0 21.682573 STANDARD
13 0 232 0 14.631452 STANDARD
13 0 492 0 14.054493 STANDARD
13 0 122 0 13.448357 STANDARD
13 0 461 0 13.274968 STANDARD
13 0 556 0 11.478157 STANDARD
13 0 923 0 11.423947 STANDARD
13 0 48 0 10.722039 STANDARD
13 0 69 0 10.502455 STANDARD
13 0 1193 0 10.474271 STANDARD
13 0 248 0 10.308584 STANDARD
15 0 270 0 12.827518 STANDARD
15 0 45 0 9.338813 STANDARD
15 0 305 0 8.5275755 STANDARD
15 0 303 0 8.464003 STANDARD
15 0 168 0 7.427563 STANDARD
15 0 646 0 7.3799233 STANDARD
15 0 268 0 6.855756 STANDARD
15 0 21 0 6.809579 STANDARD
15 0 274 0 6.8055234 STANDARD
15 0 5 0 6.730361 STANDARD
18 0 493 0 16.864285 STANDARD
18 0 302 0 16.330082 STANDARD
18 0 1214 0 14.777964 STANDARD
18 0 691 0 13.830478 STANDARD
18 0 949 0 13.064969 STANDARD
18 0 1286 0 12.044291 STANDARD
18 0 583 0 11.975956 STANDARD
18 0 1319 0 11.596629 STANDARD
18 0 1274 0 11.590298 STANDARD
18 0 332 0 11.50016 STANDARD
22 0 495 0 21.380812 STANDARD
22 0 654 0 13.66391 STANDARD
22 0 1238 0 13.260776 STANDARD
22 0 1327 0 12.581506 STANDARD
22 0 304 0 12.271973 STANDARD
22 0 240 0 11.866302 STANDARD
22 0 262 0 11.7115345 STANDARD
22 0 28 0 11.623946 STANDARD
22 0 1375 0 10.657763 STANDARD
22 0 1252 0 10.437078 STANDARD
23 0 624 0 25.718943 STANDARD
23 0 543 0 10.450744 STANDARD
23 0 1164 0 8.90049 STANDARD
23 0 1334 0 8.722619 STANDARD
23 0 245 0 8.541512 STANDARD
23 0 34 0 8.281273 STANDARD
23 0 240 0 7.960553 STANDARD
23 0 1223 0 7.8470078 STANDARD
23 0 1222 0 7.7340894 STANDARD
23 0 1165 0 7.5645747 STANDARD
26 0 496 0 19.553783 STANDARD
26 0 313 0 10.265206 STANDARD
26 0 903 0 8.638429 STANDARD
26 0 1103 0 7.4147377 STANDARD
26 0 240 0 7.4025 STANDARD
26 0 643 0 7.269768 STANDARD
26 0 440 0 7.268078 STANDARD
26 0 199 0 7.2225256 STANDARD
26 0 849 0 6.789856 STANDARD
26 0 1242 0 6.710525 STANDARD
27 0 64 0 13.461504 STANDARD
27 0 291 0 10.3258095 STANDARD
27 0 170 0 10.149578 STANDARD
27 0 256 0 9.912837 STANDARD
27 0 569 0 8.6513815 STANDARD
27 0 65 0 8.551151 STANDARD
27 0 132 0 8.305667 STANDARD
27 0 1364 0 8.290685 STANDARD
27 0 568 0 7.954211 STANDARD
27 0 798 0 7.840913 STANDARD
29 0 463 0 8.574685 STANDARD
29 0 553 0 7.6231437 STANDARD
29 0 462 0 7.43733 STANDARD
29 0 82 0 7.2700357 STANDARD
29 0 1098 0 7.2035346 STANDARD
29 0 1340 0 5.9395556 STANDARD
29 0 1096 0 5.6886344 STANDARD
29 0 761 0 5.029055 STANDARD
29 0 405 0 4.918521 STANDARD
29 0 108 0 4.7521467 STANDARD
31 0 498 0 20.27167 STANDARD
31 0 106 0 19.79906 STANDARD
31 0 1255 0 13.005804 STANDARD
31 0 410 0 12.337663 STANDARD
31 0 1143 0 10.660298 STANDARD
31 0 802 0 10.233716 STANDARD
31 0 849 0 10.159811 STANDARD
31 0 240 0 10.111941 STANDARD
31 0 745 0 9.939564 STANDARD
31 0 111 0 9.904617 STANDARD
32 0 106 0 20.664524 STANDARD
32 0 849 0 16.664509 STANDARD
32 0 700 0 16.446585 STANDARD
32 0 1281 0 16.397741 STANDARD
32 0 362 0 16.34943 STANDARD
32 0 410 0 16.183317 STANDARD
32 0 240 0 16.020414 STANDARD
32 0 498 0 15.524996 STANDARD
32 0 802 0 14.870204 STANDARD
32 0 1108 0 14.628504 STANDARD
33 0 248 0 18.413597 STANDARD
33 0 57 0 15.605922 STANDARD
33 0 354 0 15.404976 STANDARD
33 0 56 0 14.926962 STANDARD
33 0 197 0 14.275106 STANDARD
33 0 232 0 12.507694 STANDARD
33 0 498 0 12.409951 STANDARD
33 0 234 0 12.300369 STANDARD
33 0 927 0 12.244517 STANDARD
33 0 124 0 12.125966 STANDARD
34 0 240 0 15.373366 STANDARD
34 0 693 0 12.289472 STANDARD
34 0 849 0 11.808865 STANDARD
34 0 82 0 11.758398 STANDARD
34 0 1364 0 11.6302805 STANDARD
34 0 1375 0 11.552231 STANDARD
34 0 129 0 11.536852 STANDARD
34 0 1219 0 11.199735 STANDARD
34 0 274 0 11.163231 STANDARD
34 0 237 0 11.050262 STANDARD
35 0 500 0 33.625454 STANDARD
35 0 268 0 18.512907 STANDARD
35 0 88 0 18.187157 STANDARD
35 0 270 0 16.492233 STANDARD
35 0 87 0 15.651838 STANDARD
35 0 450 0 15.2070875 STANDARD
35 0 177 0 12.2025175 STANDARD
35 0 129 0 10.972212 STANDARD
35 0 123 0 10.539387 STANDARD
35 0 1103 0 9.917053 STANDARD
39 0 502 0 20.721237 STANDARD
39 0 302 0 12.320489 STANDARD
39 0 271 0 11.716259 STANDARD
39 0 240 0 11.495785 STANDARD
39 0 96 0 11.349014 STANDARD
39 0 646 0 11.20677 STANDARD
39 0 68 0 11.170985 STANDARD
39 0 413 0 10.58517 STANDARD
39 0 204 0 9.957732 STANDARD
39 0 1103 0 9.284059 STANDARD
40 0 240 0 16.886892 STANDARD
40 0 125 0 16.28448 STANDARD
40 0 1103 0 16.119522 STANDARD
40 0 177 0 15.257923 STANDARD
40 0 849 0 14.976533 STANDARD
40 0 466 0 14.081898 STANDARD
40 0 962 0 13.776977 STANDARD
40 0 413 0 13.583368 STANDARD
40 0 560 0 13.45618 STANDARD
40 0 140 0 13.414478 STANDARD
41 0 892 0 12.683255 STANDARD
41 0 902 0 9.335528 STANDARD
41 0 718 0 9.067387 STANDARD
41 0 28 0 8.879372 STANDARD
41 0 1287 0 8.733512 STANDARD
41 0 370 0 7.8796115 STANDARD
41 0 740 0 7.485985 STANDARD
41 0 237 0 6.647963 STANDARD
41 0 1169 0 6.6382337 STANDARD
41 0 1109 0 6.3877225 STANDARD
49 0 756 0 16.468573 STANDARD
49 0 46 0 13.660725 STANDARD
49 0 723 0 9.341351 STANDARD
49 0 1103 0 9.063567 STANDARD
49 0 724 0 8.360692 STANDARD
49 0 51 0 8.187958 STANDARD
49 0 12 0 7.920666 STANDARD
49 0 993 0 7.676934 STANDARD
49 0 228 0 7.49343 STANDARD
49 0 75 0 7.2773476 STANDARD
50 0 240 0 16.562239 STANDARD
50 0 134 0 15.739633 STANDARD
50 0 511 0 15.29436 STANDARD
50 0 1364 0 14.895575 STANDARD
50 0 216 0 13.760893 STANDARD
50 0 121 0 12.70246 STANDARD
50 0 544 0 12.665218 STANDARD
50 0 798 0 12.073914 STANDARD
50 0 849 0 12.057047 STANDARD
50 0 256 0 11.935817 STANDARD
51 0 611 0 22.583979 STANDARD
51 0 240 0 22.414696 STANDARD
51 0 4 0 18.630037 STANDARD
51 0 375 0 18.595387 STANDARD
51 0 145 0 17.670525 STANDARD
51 0 382 0 17.436813 STANDARD
51 0 306 0 17.417244 STANDARD
51 0 381 0 17.011179 STANDARD
51 0 364 0 16.480415 STANDARD
51 0 693 0 16.30825 STANDARD
52 0 1362 0 14.594663 STANDARD
52 0 1176 0 14.465135 STANDARD
52 0 888 0 13.236058 STANDARD
52 0 1178 0 12.634895 STANDARD
52 0 838 0 12.553225 STANDARD
52 0 1129 0 12.269223 STANDARD
52 0 428 0 11.625207 STANDARD
52 0 1132 0 10.802532 STANDARD
52 0 1133 0 10.773413 STANDARD
52 0 833 0 10.4503565 STANDARD
53 0 251 0 9.060023 STANDARD
53 0 415 0 9.052217 STANDARD
53 0 1362 0 8.256417 STANDARD
53 0 28 0 8.05412 STANDARD
53 0 1048 0 7.620997 STANDARD
53 0 677 0 7.592926 STANDARD
53 0 744 0 7.1339865 STANDARD
53 0 433 0 7.0879693 STANDARD
53 0 470 0 6.7896104 STANDARD
53 0 675 0 6.789119 STANDARD
54 0 465 0 22.293177 STANDARD
54 0 420 0 21.473108 STANDARD
54 0 222 0 18.93341 STANDARD
54 0 612 0 17.937664 STANDARD
54 0 901 0 16.850395 STANDARD
54 0 514 0 16.412577 STANDARD
54 0 601 0 16.378801 STANDARD
54 0 464 0 15.2705765 STANDARD
54 0 250 0 15.069803 STANDARD
54 0 211 0 14.318189 STANDARD
55 0 513 0 10.347449 STANDARD
55 0 1197 0 8.522354 STANDARD
55 0 633 0 8.353872 STANDARD
55 0 147 0 8.329733 STANDARD
55 0 601 0 8.303234 STANDARD
55 0 464 0 8.252786 STANDARD
55 0 1304 0 7.6781683 STANDARD
55 0 602 0 7.545052 STANDARD
55 0 465 0 7.4912567 STANDARD
55 0 229 0 7.1588054 STANDARD
56 0 751 0 17.225939 STANDARD
56 0 698 0 13.926071 STANDARD
56 0 916 0 13.184882 STANDARD
56 0 247 0 13.09666 STANDARD
56 0 920 0 12.975217 STANDARD
56 0 228 0 12.189433 STANDARD
56 0 433 0 12.064085 STANDARD
56 0 749 0 11.858786 STANDARD
56 0 895 0 11.801424 STANDARD
56 0 1320 0 11.781247 STANDARD
57 0 752 0 19.926344 STANDARD
57 0 1186 0 11.837168 STANDARD
57 0 467 0 9.967526 STANDARD
57 0 921 0 9.506478 STANDARD
57 0 432 0 9.453858 STANDARD
57 0 240 0 8.544087 STANDARD
57 0 1210 0 8.468814 STANDARD
57 0 1259 0 8.202105 STANDARD
57 0 680 0 8.158201 STANDARD
57 0 27 0 8.129918 STANDARD
58 0 516 0 36.245068 STANDARD
58 0 431 0 25.92213 STANDARD
58 0 252 0 21.968628 STANDARD
58 0 141 0 21.01474 STANDARD
58 0 1004 0 17.447977 STANDARD
58 0 672 0 17.36168 STANDARD
58 0 1153 0 16.882109 STANDARD
58 0 808 0 16.841715 STANDARD
58 0 1395 0 16.519783 STANDARD
58 0 1066 0 16.146606 STANDARD
59 0 672 0 15.933061 STANDARD
59 0 516 0 13.566204 STANDARD
59 0 799 0 13.455659 STANDARD
59 0 431 0 11.695532 STANDARD
59 0 610 0 11.53547 STANDARD
59 0 1153 0 11.134227 STANDARD
59 0 252 0 10.691228 STANDARD
59 0 1353 0 9.739383 STANDARD
59 0 1155 0 9.68984 STANDARD
59 0 520 0 9.665839 STANDARD
61 0 1203 0 10.326845 STANDARD
61 0 654 0 9.428708 STANDARD
61 0 1327 0 9.265044 STANDARD
61 0 488 0 8.135837 STANDARD
61 0 319 0 7.879593 STANDARD
61 0 1208 0 7.4435806 STANDARD
61 0 75 0 7.234083 STANDARD
61 0 1156 0 7.1804967 STANDARD
61 0 724 0 7.0252457 STANDARD
61 0 270 0 6.9673696 STANDARD
62 0 646 0 13.902849 STANDARD
62 0 270 0 11.897142 STANDARD
62 0 274 0 10.985371 STANDARD
62 0 319 0 10.746539 STANDARD
62 0 240 0 10.669268 STANDARD
62 0 135 0 10.350641 STANDARD
62 0 1268 0 9.663278 STANDARD
62 0 550 0 9.178313 STANDARD
62 0 305 0 9.144262 STANDARD
62 0 1213 0 9.087154 STANDARD
66 0 186 0 11.299204 STANDARD
66 0 232 0 10.147849 STANDARD
66 0 461 0 9.847231 STANDARD
66 0 179 0 8.5877285 STANDARD
66 0 188 0 7.85268 STANDARD
66 0 409 0 7.300109 STANDARD
66 0 923 0 7.091493 STANDARD
66 0 979 0 7.0404973 STANDARD
66 0 121 0 7.02142 STANDARD
66 0 176 0 6.9008517 STANDARD
67 0 976 0 12.020336 STANDARD
67 0 536 0 11.018055 STANDARD
67 0 154 0 10.034246 STANDARD
67 0 1205 0 9.709357 STANDARD
67 0 1238 0 8.856487 STANDARD
67 0 252 0 8.558737 STANDARD
67 0 182 0 8.17526 STANDARD
67 0 1264 0 7.7513137 STANDARD
67 0 1381 0 7.6363835 STANDARD
67 0 446 0 7.560084 STANDARD
68 0 315 0 9.269876 STANDARD
68 0 207 0 7.89767 STANDARD
68 0 1278 0 7.888124 STANDARD
68 0 1154 0 7.8492775 STANDARD
68 0 337 0 7.8060217 STANDARD
68 0 526 0 7.606154 STANDARD
68 0 37 0 7.5456705 STANDARD
68 0 1149 0 7.255532 STANDARD
68 0 504 0 7.2231913 STANDARD
68 0 1268 0 7.1786895 STANDARD
69 0 536 0 12.267403 STANDARD
69 0 37 0 9.460681 STANDARD
69 0 1152 0 8.0857 STANDARD
69 0 138 0 7.552411 STANDARD
69 0 1205 0 6.753617 STANDARD
69 0 171 0 6.7275014 STANDARD
69 0 1368 0 6.720549 STANDARD
69 0 315 0 6.6632643 STANDARD
69 0 6 0 6.457121 STANDARD
69 0 207 0 6.1667895 STANDARD
71 0 289 0 20.704702 STANDARD
71 0 433 0 16.521189 STANDARD
71 0 1277 0 15.010358 STANDARD
71 0 288 0 13.358915 STANDARD
71 0 927 0 13.259457 STANDARD
71 0 432 0 12.943434 STANDARD
71 0 229 0 12.004338 STANDARD
71 0 1196 0 11.947325 STANDARD
71 0 154 0 11.658368 STANDARD
71 0 1141 0 11.635443 STANDARD
72 0 521 0 32.0373 STANDARD
72 0 526 0 24.259066 STANDARD
72 0 468 0 23.608736 STANDARD
72 0 439 0 21.315765 STANDARD
72 0 467 0 19.806702 STANDARD
72 0 496 0 19.053806 STANDARD
72 0 797 0 18.996412 STANDARD
72 0 440 0 18.14166 STANDARD
72 0 1262 0 17.381336 STANDARD
72 0 903 0 16.684494 STANDARD
74 0 467 0 17.298319 STANDARD
74 0 1194 0 11.811456 STANDARD
74 0 468 0 11.80676 STANDARD
74 0 521 0 11.411088 STANDARD
74 0 39 0 11.37967 STANDARD
74 0 122 0 11.2612295 STANDARD
74 0 916 0 11.197233 STANDARD
74 0 469 0 10.855613 STANDARD
74 0 194 0 10.494777 STANDARD
74 0 903 0 10.453786 STANDARD
79 0 849 0 12.923454 STANDARD
79 0 177 0 10.039962 STANDARD
79 0 99 0 9.837974 STANDARD
79 0 103 0 9.812118 STANDARD
79 0 240 0 9.462903 STANDARD
79 0 962 0 9.198954 STANDARD
79 0 108 0 9.18279 STANDARD
79 0 474 0 8.077923 STANDARD
79 0 466 0 7.9675407 STANDARD
79 0 1103 0 7.592776 STANDARD
80 0 305 0 19.247805 STANDARD
80 0 525 0 16.449669 STANDARD
80 0 123 0 11.408381 STANDARD
80 0 84 0 10.740171 STANDARD
80 0 540 0 10.239638 STANDARD
80 0 240 0 10.118987 STANDARD
80 0 1299 0 10.045819 STANDARD
80 0 623 0 9.812759 STANDARD
80 0 344 0 9.344593 STANDARD
80 0 1204 0 9.084088 STANDARD
81 0 305 0 21.08032 STANDARD
81 0 270 0 16.026358 STANDARD
81 0 240 0 15.783922 STANDARD
81 0 525 0 14.627184 STANDARD
81 0 623 0 13.659446 STANDARD
81 0 37 0 12.753572 STANDARD
81 0 295 0 12.6576395 STANDARD
81 0 274 0 12.605419 STANDARD
81 0 101 0 12.094714 STANDARD
81 0 1304 0 12.084919 STANDARD
82 0 525 0 21.224888 STANDARD
82 0 310 0 17.271778 STANDARD
82 0 568 0 16.538235 STANDARD
82 0 1200 0 16.44223 STANDARD
82 0 304 0 15.769942 STANDARD
82 0 305 0 13.996316 STANDARD
82 0 327 0 12.883341 STANDARD
82 0 9 0 12.645581 STANDARD
82 0 663 0 11.98987 STANDARD
82 0 308 0 11.759336 STANDARD
83 0 526 0 18.98331 STANDARD
83 0 440 0 18.734694 STANDARD
83 0 797 0 14.428389 STANDARD
83 0 683 0 13.696607 STANDARD
83 0 222 0 13.138783 STANDARD
83 0 439 0 11.253342 STANDARD
83 0 334 0 10.963958 STANDARD
83 0 521 0 10.661056 STANDARD
83 0 655 0 9.482882 STANDARD
83 0 796 0 9.14434 STANDARD
84 0 527 0 26.450796 STANDARD
84 0 321 0 25.08187 STANDARD
84 0 476 0 24.928051 STANDARD
84 0 322 0 23.11905 STANDARD
84 0 320 0 23.04943 STANDARD
84 0 349 0 17.363344 STANDARD
84 0 366 0 15.515234 STANDARD
84 0 731 0 15.062049 STANDARD
84 0 1370 0 15.031877 STANDARD
84 0 479 0 13.812345 STANDARD
85 0 849 0 19.91547 STANDARD
85 0 1364 0 18.41252 STANDARD
85 0 240 0 16.05955 STANDARD
85 0 1149 0 15.977124 STANDARD
85 0 763 0 15.897994 STANDARD
85 0 1301 0 15.7165165 STANDARD
85 0 693 0 15.34955 STANDARD
85 0 192 0 15.31681 STANDARD
85 0 177 0 15.058781 STANDARD
85 0 993 0 15.014645 STANDARD
86 0 494 0 22.837414 STANDARD
86 0 94 0 15.812848 STANDARD
86 0 326 0 15.286962 STANDARD
86 0 1301 0 14.759896 STANDARD
86 0 240 0 14.0978565 STANDARD
86 0 922 0 13.990007 STANDARD
86 0 192 0 13.605807 STANDARD
86 0 261 0 13.277571 STANDARD
86 0 528 0 13.234486 STANDARD
86 0 849 0 12.595595 STANDARD
87 0 1215 0 15.315384 STANDARD
87 0 240 0 14.0263405 STANDARD
87 0 306 0 13.177517 STANDARD
87 0 96 0 12.284641 STANDARD
87 0 1211 0 12.107154 STANDARD
87 0 8 0 11.804968 STANDARD
87 0 1142 0 11.695174 STANDARD
87 0 1103 0 11.493353 STANDARD
87 0 1324 0 11.274958 STANDARD
87 0 342 0 11.26832 STANDARD
93 0 208 0 28.21201 STANDARD
93 0 240 0 21.698353 STANDARD
93 0 531 0 20.981028 STANDARD
93 0 1253 0 20.401258 STANDARD
93 0 61 0 19.408512 STANDARD
93 0 298 0 19.172567 STANDARD
93 0 1255 0 18.912397 STANDARD
93 0 1236 0 18.91132 STANDARD
93 0 269 0 18.58716 STANDARD
93 0 267 0 18.356667 STANDARD
94 0 123 0 33.149937 STANDARD
94 0 240 0 28.978168 STANDARD
94 0 305 0 28.736006 STANDARD
94 0 84 0 25.046572 STANDARD
94 0 646 0 24.19569 STANDARD
94 0 623 0 22.462889 STANDARD
94 0 338 0 21.749142 STANDARD
94 0 274 0 20.901426 STANDARD
94 0 962 0 20.370825 STANDARD
94 0 1185 0 19.613625 STANDARD
95 0 460 0 22.12056 STANDARD
95 0 1301 0 18.593481 STANDARD
95 0 1185 0 17.483349 STANDARD
95 0 645 0 16.513807 STANDARD
95 0 17 0 16.291325 STANDARD
95 0 1149 0 15.889634 STANDARD
95 0 406 0 15.793022 STANDARD
95 0 376 0 14.901642 STANDARD
95 0 504 0 14.8571415 STANDARD
95 0 1154 0 14.391351 STANDARD
97 0 753 0 21.891733 STANDARD
97 0 783 0 13.256898 STANDARD
97 0 441 0 12.087587 STANDARD
97 0 14 0 11.5310755 STANDARD
97 0 685 0 10.96283 STANDARD
97 0 1339 0 10.577391 STANDARD
97 0 1289 0 10.462558 STANDARD
97 0 711 0 10.0386715 STANDARD
97 0 871 0 9.650768 STANDARD
97 0 204 0 9.3231945 STANDARD
98 0 753 0 16.347963 STANDARD
98 0 1181 0 14.800894 STANDARD
98 0 380 0 12.07733 STANDARD
98 0 810 0 10.066631 STANDARD
98 0 1339 0 9.663519 STANDARD
98 0 444 0 9.468626 STANDARD
98 0 1078 0 9.3243475 STANDARD
98 0 1114 0 9.0565405 STANDARD
98 0 864 0 8.966513 STANDARD
98 0 278 0 8.952006 STANDARD
99 0 754 0 22.773083 STANDARD
99 0 270 0 21.001944 STANDARD
99 0 240 0 20.915112 STANDARD
99 0 785 0 18.075705 STANDARD
99 0 788 0 17.670229 STANDARD
99 0 1159 0 17.374556 STANDARD
99 0 120 0 16.92214 STANDARD
99 0 962 0 15.123614 STANDARD
99 0 646 0 15.111024 STANDARD
99 0 873 0 14.329904 STANDARD
100 0 785 0 10.263902 STANDARD
100 0 801 0 10.120135 STANDARD
100 0 657 0 9.951355 STANDARD
100 0 842 0 9.337626 STANDARD
100 0 1055 0 9.314177 STANDARD
100 0 458 0 9.073392 STANDARD
100 0 292 0 8.965474 STANDARD
100 0 266 0 8.6730385 STANDARD
100 0 541 0 8.4081 STANDARD
100 0 912 0 8.368887 STANDARD
101 0 321 0 31.67124 STANDARD
101 0 322 0 30.417044 STANDARD
101 0 527 0 28.740957 STANDARD
101 0 320 0 27.965553 STANDARD
101 0 476 0 20.378704 STANDARD
101 0 240 0 14.31756 STANDARD
101 0 1240 0 13.861321 STANDARD
101 0 1224 0 13.765363 STANDARD
101 0 369 0 12.852425 STANDARD
101 0 1073 0 12.540042 STANDARD
102 0 539 0 18.993355 STANDARD
102 0 566 0 16.96984 STANDARD
102 0 564 0 15.932052 STANDARD
102 0 240 0 14.069534 STANDARD
102 0 1258 0 12.832017 STANDARD
102 0 651 0 12.191378 STANDARD
102 0 283 0 12.132399 STANDARD
102 0 483 0 11.8176365 STANDARD
102 0 646 0 11.627284 STANDARD
102 0 565 0 11.383644 STANDARD
103 0 240 0 25.622353 STANDARD
103 0 483 0 25.37778 STANDARD
103 0 381 0 22.848932 STANDARD
103 0 849 0 20.954082 STANDARD
103 0 108 0 20.368958 STANDARD
103 0 1258 0 19.855005 STANDARD
103 0 1364 0 19.217077 STANDARD
103 0 134 0 19.030724 STANDARD
103 0 105 0 18.99411 STANDARD
103 0 693 0 18.952381 STANDARD
104 0 843 0 7.904704 STANDARD
104 0 204 0 7.6593575 STANDARD
104 0 678 0 7.612765 STANDARD
104 0 1051 0 7.267827 STANDARD
104 0 839 0 7.2277937 STANDARD
104 0 415 0 7.044137 STANDARD
104 0 845 0 6.9169803 STANDARD
104 0 1084 0 6.878859 STANDARD
104 0 1121 0 6.836555 STANDARD
104 0 420 0 6.8067083 STANDARD
105 0 415 0 15.892898 STANDARD
105 0 1204 0 14.209813 STANDARD
105 0 239 0 12.444219 STANDARD
105 0 240 0 12.415002 STANDARD
105 0 730 0 12.378511 STANDARD
105 0 914 0 11.96191 STANDARD
105 0 1364 0 11.796274 STANDARD
105 0 1225 0 11.167593 STANDARD
105 0 369 0 11.009359 STANDARD
105 0 357 0 10.693291 STANDARD
106 0 388 0 21.289164 STANDARD
106 0 3 0 20.079834 STANDARD
106 0 664 0 17.90071 STANDARD
106 0 180 0 17.305708 STANDARD
106 0 375 0 15.862689 STANDARD
106 0 393 0 15.716832 STANDARD
106 0 693 0 15.2133465 STANDARD
106 0 4 0 14.960418 STANDARD
106 0 1237 0 14.850922 STANDARD
106 0 1370 0 14.587863 STANDARD
107 0 240 0 19.307787 STANDARD
107 0 128 0 18.604813 STANDARD
107 0 576 0 16.69749 STANDARD
107 0 375 0 15.942784 STANDARD
107 0 590 0 14.908757 STANDARD
107 0 693 0 14.241345 STANDARD
107 0 134 0 14.104424 STANDARD
107 0 2 0 13.876467 STANDARD
107 0 237 0 13.872018 STANDARD
107 0 849 0 13.716703 STANDARD
108 0 3 0 16.996777 STANDARD
108 0 180 0 16.900906 STANDARD
108 0 664 0 16.741312 STANDARD
108 0 393 0 15.572036 STANDARD
108 0 4 0 15.386379 STANDARD
108 0 2 0 15.04185 STANDARD
108 0 388 0 14.226458 STANDARD
108 0 306 0 14.215484 STANDARD
108 0 381 0 14.165998 STANDARD
108 0 375 0 14.1603775 STANDARD
109 0 628 0 23.009302 STANDARD
109 0 662 0 10.770972 STANDARD
109 0 661 0 9.68899 STANDARD
109 0 1240 0 9.173399 STANDARD
109 0 1191 0 9.137478 STANDARD
109 0 365 0 8.911158 STANDARD
109 0 370 0 8.849756 STANDARD
109 0 344 0 8.629638 STANDARD
109 0 1200 0 8.542944 STANDARD
109 0 646 0 8.512509 STANDARD
110 0 59 0 12.06397 STANDARD
110 0 1240 0 10.198215 STANDARD
110 0 570 0 9.977549 STANDARD
110 0 1138 0 9.934318 STANDARD
110 0 105 0 9.862312 STANDARD
110 0 977 0 9.734629 STANDARD
110 0 128 0 9.719333 STANDARD
110 0 4 0 9.653536 STANDARD
110 0 1193 0 9.420498 STANDARD
110 0 538 0 9.201817 STANDARD
111 0 349 0 12.88428 STANDARD
111 0 327 0 10.449851 STANDARD
111 0 540 0 10.254226 STANDARD
111 0 1240 0 10.041995 STANDARD
111 0 570 0 9.977549 STANDARD
111 0 1311 0 9.804239 STANDARD
111 0 977 0 9.58392 STANDARD
111 0 4 0 9.542892 STANDARD
111 0 300 0 9.331331 STANDARD
111 0 62 0 9.15559 STANDARD
112 0 305 0 11.213456 STANDARD
112 0 540 0 11.166241 STANDARD
112 0 573 0 9.547888 STANDARD
112 0 63 0 9.200787 STANDARD
112 0 525 0 8.919327 STANDARD
112 0 310 0 8.10969 STANDARD
112 0 1200 0 7.824578 STANDARD
112 0 323 0 7.7077637 STANDARD
112 0 1253 0 7.696867 STANDARD
112 0 192 0 7.6513915 STANDARD
113 0 244 0 14.331119 STANDARD
113 0 53 0 13.793007 STANDARD
113 0 413 0 13.597172 STANDARD
113 0 666 0 13.538198 STANDARD
113 0 1191 0 13.148488 STANDARD
113 0 1080 0 12.997215 STANDARD
113 0 1082 0 12.894959 STANDARD
113 0 630 0 12.887985 STANDARD
113 0 1078 0 12.828548 STANDARD
113 0 139 0 12.76447 STANDARD
114 0 332 0 29.495121 STANDARD
114 0 541 0 28.599648 STANDARD
114 0 101 0 17.792809 STANDARD
114 0 577 0 15.826572 STANDARD
114 0 573 0 14.79936 STANDARD
114 0 1296 0 13.883963 STANDARD
114 0 552 0 13.441212 STANDARD
114 0 401 0 13.411074 STANDARD
114 0 19 0 13.063643 STANDARD
114 0 103 0 12.919891 STANDARD
116 0 1153 0 18.945032 STANDARD
116 0 240 0 16.994173 STANDARD
116 0 280 0 15.444663 STANDARD
116 0 576 0 15.096444 STANDARD
116 0 693 0 14.50382 STANDARD
116 0 1159 0 13.741229 STANDARD
116 0 604 0 13.524469 STANDARD
116 0 68 0 13.149917 STANDARD
116 0 876 0 13.003938 STANDARD
116 0 603 0 12.70879 STANDARD
118 0 240 0 18.885355 STANDARD
118 0 324 0 18.135513 STANDARD
118 0 1103 0 17.389874 STANDARD
118 0 1395 0 16.242567 STANDARD
118 0 303 0 15.558956 STANDARD
118 0 646 0 15.216557 STANDARD
118 0 645 0 15.181243 STANDARD
118 0 559 0 14.825799 STANDARD
118 0 1393 0 14.773659 STANDARD
118 0 101 0 14.427575 STANDARD
119 0 667 0 20.398285 STANDARD
119 0 666 0 15.410517 STANDARD
119 0 240 0 15.244358 STANDARD
119 0 177 0 14.996037 STANDARD
119 0 334 0 14.672833 STANDARD
119 0 604 0 13.813751 STANDARD
119 0 1082 0 13.575959 STANDARD
119 0 630 0 13.1579075 STANDARD
119 0 1395 0 12.707744 STANDARD
119 0 328 0 12.604746 STANDARD
120 0 667 0 21.195333 STANDARD
120 0 240 0 17.491781 STANDARD
120 0 1395 0 15.613565 STANDARD
120 0 329 0 14.516487 STANDARD
120 0 1264 0 14.002283 STANDARD
120 0 668 0 13.717367 STANDARD
120 0 345 0 13.285065 STANDARD
120 0 630 0 13.280886 STANDARD
120 0 1364 0 12.595756 STANDARD
120 0 177 0 12.564855 STANDARD
121 0 237 0 18.380623 STANDARD
121 0 589 0 18.348505 STANDARD
121 0 543 0 18.301865 STANDARD
121 0 590 0 17.389261 STANDARD
121 0 216 0 16.241943 STANDARD
121 0 591 0 13.037146 STANDARD
121 0 588 0 12.581272 STANDARD
121 0 426 0 11.208097 STANDARD
121 0 138 0 10.604657 STANDARD
121 0 578 0 9.436754 STANDARD
122 0 1378 0 14.711327 STANDARD
122 0 748 0 14.168338 STANDARD
122 0 1066 0 14.076824 STANDARD
122 0 755 0 13.676736 STANDARD
122 0 205 0 13.5916395 STANDARD
122 0 199 0 13.42449 STANDARD
122 0 567 0 12.908433 STANDARD
122 0 662 0 12.529662 STANDARD
122 0 597 0 12.335653 STANDARD
122 0 52 0 11.919973 STANDARD
123 0 790 0 13.350072 STANDARD
123 0 1335 0 11.65497 STANDARD
123 0 599 0 10.197267 STANDARD
123 0 748 0 10.05142 STANDARD
123 0 917 0 9.758266 STANDARD
123 0 606 0 9.66576 STANDARD
123 0 251 0 8.90551 STANDARD
123 0 814 0 8.793455 STANDARD
123 0 1066 0 8.774534 STANDARD
123 0 1336 0 8.243541 STANDARD
126 0 631 0 19.541473 STANDARD
126 0 672 0 18.920387 STANDARD
126 0 1353 0 16.234129 STANDARD
126 0 714 0 15.862924 STANDARD
126 0 799 0 15.279717 STANDARD
126 0 755 0 14.257231 STANDARD
126 0 598 0 13.727972 STANDARD
126 0 1354 0 13.403132 STANDARD
126 0 1153 0 12.615277 STANDARD
126 0 594 0 11.892283 STANDARD
128 0 1334 0 22.177204 STANDARD
128 0 677 0 22.047182 STANDARD
128 0 1332 0 21.45832 STANDARD
128 0 637 0 18.122055 STANDARD
128 0 1339 0 17.832602 STANDARD
128 0 676 0 16.916668 STANDARD
128 0 678 0 16.301924 STANDARD
128 0 632 0 15.528425 STANDARD
128 0 315 0 15.3191805 STANDARD
128 0 924 0 14.159073 STANDARD
130 0 19 0 11.16064 STANDARD
130 0 849 0 10.808049 STANDARD
130 0 898 0 9.945523 STANDARD
130 0 240 0 9.819236 STANDARD
130 0 633 0 9.714556 STANDARD
130 0 177 0 9.509917 STANDARD
130 0 428 0 9.495509 STANDARD
130 0 680 0 8.832919 STANDARD
130 0 224 0 8.805056 STANDARD
130 0 753 0 8.564507 STANDARD
131 0 240 0 19.104462 STANDARD
131 0 294 0 16.708447 STANDARD
131 0 646 0 15.768948 STANDARD
131 0 522 0 14.798646 STANDARD
131 0 435 0 14.421625 STANDARD
131 0 96 0 14.198482 STANDARD
131 0 101 0 13.744985 STANDARD
131 0 270 0 13.645245 STANDARD
131 0 398 0 13.08739 STANDARD
131 0 861 0 12.958738 STANDARD
132 0 418 0 13.810853 STANDARD
132 0 96 0 13.510248 STANDARD
132 0 358 0 12.46527 STANDARD
132 0 240 0 12.207155 STANDARD
132 0 315 0 12.018439 STANDARD
132 0 1155 0 11.968078 STANDARD
132 0 314 0 11.853827 STANDARD
132 0 294 0 11.69025 STANDARD
132 0 516 0 11.675333 STANDARD
132 0 311 0 11.45624 STANDARD
133 0 755 0 29.329527 STANDARD
133 0 790 0 22.865444 STANDARD
133 0 594 0 18.446365 STANDARD
133 0 280 0 16.223541 STANDARD
133 0 608 0 12.372934 STANDARD
133 0 431 0 12.264429 STANDARD
133 0 1155 0 11.733542 STANDARD
133 0 252 0 11.504583 STANDARD
133 0 876 0 11.425658 STANDARD
133 0 599 0 11.312992 STANDARD
135 0 26 0 19.264044 STANDARD
135 0 334 0 18.50059 STANDARD
135 0 572 0 17.813662 STANDARD
135 0 1228 0 17.261015 STANDARD
135 0 134 0 17.251516 STANDARD
135 0 1198 0 16.58487 STANDARD
135 0 797 0 15.469735 STANDARD
135 0 1364 0 14.899757 STANDARD
135 0 439 0 14.887782 STANDARD
135 0 655 0 14.119784 STANDARD
136 0 548 0 31.876661 STANDARD
136 0 613 0 26.365246 STANDARD
136 0 616 0 25.816235 STANDARD
136 0 622 0 25.696419 STANDARD
136 0 614 0 25.248474 STANDARD
136 0 617 0 24.542166 STANDARD
136 0 618 0 17.284187 STANDARD
136 0 615 0 17.062424 STANDARD
136 0 1150 0 16.268183 STANDARD
136 0 1103 0 15.662415 STANDARD
137 0 793 0 20.76964 STANDARD
137 0 797 0 19.597555 STANDARD
137 0 757 0 19.069672 STANDARD
137 0 226 0 18.509895 STANDARD
137 0 252 0 16.86333 STANDARD
137 0 1338 0 16.06308 STANDARD
137 0 924 0 15.636804 STANDARD
137 0 1341 0 15.600826 STANDARD
137 0 801 0 15.546051 STANDARD
137 0 205 0 14.672409 STANDARD
138 0 1187 0 15.15473 STANDARD
138 0 265 0 12.165953 STANDARD
138 0 358 0 11.8093815 STANDARD
138 0 416 0 11.273258 STANDARD
138 0 293 0 10.187044 STANDARD
138 0 1216 0 9.282862 STANDARD
138 0 1228 0 9.220529 STANDARD
138 0 457 0 9.089565 STANDARD
138 0 334 0 8.840783 STANDARD
138 0 1383 0 8.810548 STANDARD
139 0 799 0 11.89255 STANDARD
139 0 252 0 11.470259 STANDARD
139 0 800 0 10.590867 STANDARD
139 0 924 0 9.646431 STANDARD
139 0 672 0 9.465924 STANDARD
139 0 315 0 9.39309 STANDARD
139 0 610 0 9.281966 STANDARD
139 0 879 0 9.023908 STANDARD
139 0 923 0 8.362393 STANDARD
139 0 925 0 7.976711 STANDARD
140 0 758 0 23.153027 STANDARD
140 0 240 0 20.332644 STANDARD
140 0 1247 0 18.37915 STANDARD
140 0 804 0 18.361055 STANDARD
140 0 807 0 17.44421 STANDARD
140 0 683 0 16.48288 STANDARD
140 0 811 0 16.216578 STANDARD
140 0 809 0 15.885791 STANDARD
140 0 152 0 15.833345 STANDARD
140 0 806 0 15.633663 STANDARD
141 0 635 0 29.660297 STANDARD
141 0 691 0 22.322239 STANDARD
141 0 68 0 16.399624 STANDARD
141 0 804 0 15.043389 STANDARD
141 0 1143 0 15.038455 STANDARD
141 0 1150 0 14.542889 STANDARD
141 0 1336 0 13.95338 STANDARD
141 0 355 0 13.418271 STANDARD
141 0 552 0 13.073967 STANDARD
141 0 1353 0 12.151007 STANDARD
142 0 240 0 21.337326 STANDARD
142 0 1393 0 20.531757 STANDARD
142 0 559 0 18.140144 STANDARD
142 0 101 0 17.533281 STANDARD
142 0 1161 0 16.331425 STANDARD
142 0 438 0 15.964148 STANDARD
142 0 283 0 14.82898 STANDARD
142 0 668 0 14.428666 STANDARD
142 0 1394 0 14.370863 STANDARD
142 0 1099 0 14.370059 STANDARD
143 0 240 0 14.432425 STANDARD
143 0 662 0 12.6868305 STANDARD
143 0 635 0 12.272918 STANDARD
143 0 370 0 11.806956 STANDARD
143 0 1191 0 11.083163 STANDARD
143 0 283 0 10.87385 STANDARD
143 0 1258 0 9.824951 STANDARD
143 0 689 0 9.814612 STANDARD
143 0 628 0 9.379997 STANDARD
143 0 101 0 9.348014 STANDARD
145 0 637 0 19.94237 STANDARD
145 0 705 0 15.569012 STANDARD
145 0 698 0 14.672935 STANDARD
145 0 699 0 14.621917 STANDARD
145 0 1334 0 14.258109 STANDARD
145 0 1332 0 14.222019 STANDARD
145 0 1339 0 13.0227785 STANDARD
145 0 632 0 13.011447 STANDARD
145 0 247 0 11.511789 STANDARD
145 0 465 0 11.22161 STANDARD
146 0 240 0 12.101528 STANDARD
146 0 779 0 11.456697 STANDARD
146 0 356 0 8.778441 STANDARD
146 0 1289 0 8.639678 STANDARD
146 0 807 0 8.190679 STANDARD
146 0 1331 0 8.120758 STANDARD
146 0 725 0 8.016138 STANDARD
146 0 440 0 7.770376 STANDARD
146 0 1334 0 7.6582885 STANDARD
146 0 114 0 7.620778 STANDARD
147 0 673 0 20.439245 STANDARD
147 0 638 0 19.08142 STANDARD
147 0 315 0 14.282682 STANDARD
147 0 222 0 13.146421 STANDARD
147 0 1095 0 12.40427 STANDARD
147 0 704 0 12.106456 STANDARD
147 0 712 0 11.949217 STANDARD
147 0 288 0 11.740011 STANDARD
147 0 1343 0 11.737224 STANDARD
147 0 526 0 10.896138 STANDARD
148 0 715 0 15.187258 STANDARD
148 0 639 0 15.021128 STANDARD
148 0 719 0 14.440393 STANDARD
148 0 958 0 13.394836 STANDARD
148 0 1387 0 13.348438 STANDARD
148 0 32 0 13.186672 STANDARD
148 0 716 0 12.613106 STANDARD
148 0 211 0 12.282074 STANDARD
148 0 1141 0 12.099905 STANDARD
148 0 740 0 12.042057 STANDARD
149 0 1122 0 28.041456 STANDARD
149 0 822 0 25.663652 STANDARD
149 0 739 0 24.35348 STANDARD
149 0 760 0 23.514017 STANDARD
149 0 741 0 22.957426 STANDARD
149 0 1171 0 21.721025 STANDARD
149 0 1051 0 19.731457 STANDARD
149 0 1126 0 19.09879 STANDARD
149 0 1068 0 19.018679 STANDARD
149 0 763 0 18.760288 STANDARD
150 0 817 0 23.397211 STANDARD
150 0 1119 0 20.47181 STANDARD
150 0 819 0 18.65594 STANDARD
150 0 823 0 16.446081 STANDARD
150 0 820 0 15.957992 STANDARD
150 0 825 0 15.811507 STANDARD
150 0 818 0 14.740112 STANDARD
150 0 1067 0 13.942799 STANDARD
150 0 760 0 13.44017 STANDARD
150 0 837 0 13.221913 STANDARD
152 0 910 0 9.952829 STANDARD
152 0 729 0 7.9929285 STANDARD
152 0 516 0 7.7361317 STANDARD
152 0 913 0 7.6662846 STANDARD
152 0 834 0 7.53184 STANDARD
152 0 1007 0 7.1901155 STANDARD
152 0 1001 0 7.139653 STANDARD
152 0 720 0 7.082667 STANDARD
152 0 1331 0 6.405789 STANDARD
152 0 1006 0 6.335689 STANDARD
153 0 761 0 13.5632305 STANDARD
153 0 1127 0 10.8002825 STANDARD
153 0 763 0 9.201635 STANDARD
153 0 1050 0 9.060772 STANDARD
153 0 720 0 8.004241 STANDARD
153 0 1048 0 7.947896 STANDARD
153 0 1103 0 7.7258782 STANDARD
153 0 440 0 7.492422 STANDARD
153 0 240 0 7.4025 STANDARD
153 0 770 0 7.246105 STANDARD
154 0 762 0 23.240576 STANDARD
154 0 241 0 12.629141 STANDARD
154 0 744 0 12.558744 STANDARD
154 0 849 0 12.480808 STANDARD
154 0 693 0 12.212252 STANDARD
154 0 644 0 11.944382 STANDARD
154 0 1294 0 11.8689 STANDARD
154 0 1364 0 11.679949 STANDARD
154 0 646 0 11.647226 STANDARD
154 0 1057 0 11.368663 STANDARD
155 0 848 0 32.6772 STANDARD
155 0 764 0 31.694916 STANDARD
155 0 847 0 17.996416 STANDARD
155 0 763 0 14.675744 STANDARD
155 0 849 0 13.978295 STANDARD
155 0 1123 0 13.114126 STANDARD
155 0 953 0 12.564303 STANDARD
155 0 846 0 12.508601 STANDARD
155 0 1126 0 12.306091 STANDARD
155 0 240 0 12.255775 STANDARD
156 0 878 0 7.3061953 STANDARD
156 0 344 0 7.20974 STANDARD
156 0 908 0 7.201525 STANDARD
156 0 847 0 7.1651273 STANDARD
156 0 764 0 6.7924466 STANDARD
156 0 42 0 6.621464 STANDARD
156 0 846 0 6.199397 STANDARD
156 0 100 0 6.0177197 STANDARD
156 0 594 0 5.5211945 STANDARD
156 0 374 0 5.2406554 STANDARD
157 0 725 0 24.010502 STANDARD
157 0 640 0 20.733335 STANDARD
157 0 240 0 20.476711 STANDARD
157 0 544 0 19.671307 STANDARD
157 0 220 0 17.167158 STANDARD
157 0 911 0 16.690985 STANDARD
157 0 693 0 16.154007 STANDARD
157 0 909 0 15.509943 STANDARD
157 0 237 0 15.274144 STANDARD
157 0 1279 0 13.298668 STANDARD
158 0 75 0 16.995846 STANDARD
158 0 720 0 14.980371 STANDARD
158 0 726 0 14.612198 STANDARD
158 0 723 0 12.262357 STANDARD
158 0 724 0 11.783538 STANDARD
158 0 727 0 11.044363 STANDARD
158 0 640 0 10.726567 STANDARD
158 0 884 0 10.39862 STANDARD
158 0 883 0 10.07228 STANDARD
158 0 866 0 10.051783 STANDARD
160 0 51 0 12.362404 STANDARD
160 0 982 0 9.26954 STANDARD
160 0 1361 0 8.957419 STANDARD
160 0 711 0 8.850222 STANDARD
160 0 29 0 8.124091 STANDARD
160 0 5 0 7.9539003 STANDARD
160 0 1104 0 7.7971215 STANDARD
160 0 627 0 7.635521 STANDARD
160 0 31 0 7.588104 STANDARD
160 0 859 0 7.424854 STANDARD
161 0 763 0 13.180676 STANDARD
161 0 1387 0 13.000804 STANDARD
161 0 849 0 12.494141 STANDARD
161 0 642 0 12.377511 STANDARD
161 0 412 0 12.368262 STANDARD
161 0 1117 0 12.131178 STANDARD
161 0 1052 0 12.082995 STANDARD
161 0 744 0 11.889852 STANDARD
161 0 1126 0 11.678135 STANDARD
161 0 1173 0 11.4230385 STANDARD
163 0 894 0 22.167915 STANDARD
163 0 658 0 16.122313 STANDARD
163 0 390 0 12.957933 STANDARD
163 0 857 0 12.00769 STANDARD
163 0 15 0 11.662316 STANDARD
163 0 856 0 11.548818 STANDARD
163 0 442 0 10.701603 STANDARD
163 0 627 0 10.621962 STANDARD
163 0 285 0 10.238585 STANDARD
163 0 948 0 10.212849 STANDARD
164 0 641 0 32.493286 STANDARD
164 0 730 0 22.918161 STANDARD
164 0 734 0 16.674404 STANDARD
164 0 422 0 16.335234 STANDARD
164 0 731 0 16.217121 STANDARD
164 0 733 0 15.759626 STANDARD
164 0 854 0 15.49177 STANDARD
164 0 648 0 14.782897 STANDARD
164 0 735 0 14.713615 STANDARD
164 0 736 0 14.641376 STANDARD
165 0 748 0 13.5127735 STANDARD
165 0 685 0 13.463629 STANDARD
165 0 1328 0 12.774895 STANDARD
165 0 704 0 12.694035 STANDARD
165 0 205 0 11.868852 STANDARD
165 0 755 0 10.832047 STANDARD
165 0 1272 0 10.627384 STANDARD
165 0 708 0 10.036241 STANDARD
165 0 1104 0 9.854399 STANDARD
165 0 638 0 9.666387 STANDARD
167 0 895 0 34.69887 STANDARD
167 0 918 0 22.783138 STANDARD
167 0 240 0 21.737097 STANDARD
167 0 237 0 21.333254 STANDARD
167 0 609 0 20.733084 STANDARD
167 0 780 0 20.449635 STANDARD
167 0 1290 0 20.263327 STANDARD
167 0 1387 0 19.5844 STANDARD
167 0 152 0 19.51633 STANDARD
167 0 220 0 19.279068 STANDARD
168 0 240 0 14.219846 STANDARD
168 0 13 0 13.461453 STANDARD
168 0 878 0 11.676478 STANDARD
168 0 540 0 11.658797 STANDARD
168 0 1002 0 11.514507 STANDARD
168 0 184 0 11.308767 STANDARD
168 0 486 0 11.057395 STANDARD
168 0 902 0 10.754148 STANDARD
168 0 658 0 10.136549 STANDARD
168 0 99 0 10.0243225 STANDARD
169 0 522 0 18.413618 STANDARD
169 0 605 0 16.869804 STANDARD
169 0 1351 0 14.360426 STANDARD
169 0 759 0 14.17856 STANDARD
169 0 849 0 14.082419 STANDARD
169 0 123 0 13.941014 STANDARD
169 0 693 0 13.8853245 STANDARD
169 0 240 0 13.856806 STANDARD
169 0 101 0 13.810386 STANDARD
169 0 993 0 13.301684 STANDARD
170 0 240 0 16.78051 STANDARD
170 0 993 0 16.166132 STANDARD
170 0 693 0 16.099728 STANDARD
170 0 1032 0 15.949178 STANDARD
170 0 849 0 15.488556 STANDARD
170 0 723 0 14.708253 STANDARD
170 0 763 0 13.403555 STANDARD
170 0 1075 0 13.384335 STANDARD
170 0 152 0 13.062484 STANDARD
170 0 177 0 12.879483 STANDARD
171 0 230 0 18.91627 STANDARD
171 0 923 0 18.82241 STANDARD
171 0 924 0 17.536934 STANDARD
171 0 229 0 17.27632 STANDARD
171 0 803 0 16.023472 STANDARD
171 0 252 0 15.359501 STANDARD
171 0 545 0 15.34835 STANDARD
171 0 431 0 15.253862 STANDARD
171 0 246 0 14.41863 STANDARD
171 0 1243 0 14.281914 STANDARD
173 0 926 0 18.112724 STANDARD
173 0 744 0 17.641428 STANDARD
173 0 1068 0 16.53402 STANDARD
173 0 928 0 16.172092 STANDARD
173 0 763 0 15.69629 STANDARD
173 0 1131 0 15.0737295 STANDARD
173 0 1051 0 14.370687 STANDARD
173 0 1122 0 14.301988 STANDARD
173 0 739 0 13.735736 STANDARD
173 0 1054 0 13.20806 STANDARD
175 0 769 0 31.561165 STANDARD
175 0 887 0 27.014668 STANDARD
175 0 890 0 26.484682 STANDARD
175 0 886 0 20.803389 STANDARD
175 0 1052 0 18.000607 STANDARD
175 0 1146 0 17.256052 STANDARD
175 0 763 0 17.23685 STANDARD
175 0 741 0 17.135962 STANDARD
175 0 926 0 16.808712 STANDARD
175 0 760 0 16.80077 STANDARD
176 0 887 0 18.514875 STANDARD
176 0 769 0 18.32513 STANDARD
176 0 1146 0 16.49761 STANDARD
176 0 890 0 14.837696 STANDARD
176 0 837 0 13.826609 STANDARD
176 0 888 0 13.082916 STANDARD
176 0 580 0 12.904452 STANDARD
176 0 1056 0 12.312081 STANDARD
176 0 1126 0 12.20183 STANDARD
176 0 31 0 12.08103 STANDARD
177 0 898 0 14.813059 STANDARD
177 0 1068 0 12.405735 STANDARD
177 0 931 0 12.281863 STANDARD
177 0 934 0 12.1859 STANDARD
177 0 1070 0 12.061492 STANDARD
177 0 600 0 11.267451 STANDARD
177 0 1287 0 10.89775 STANDARD
177 0 1118 0 10.1140175 STANDARD
177 0 78 0 10.026084 STANDARD
177 0 240 0 9.986908 STANDARD
181 0 240 0 12.474188 STANDARD
181 0 740 0 12.150398 STANDARD
181 0 394 0 11.52874 STANDARD
181 0 1360 0 10.729165 STANDARD
181 0 417 0 10.130676 STANDARD
181 0 676 0 9.709433 STANDARD
181 0 941 0 9.700973 STANDARD
181 0 917 0 9.593343 STANDARD
181 0 389 0 9.235159 STANDARD
181 0 34 0 9.232072 STANDARD
182 0 941 0 26.63105 STANDARD
182 0 240 0 23.800325 STANDARD
182 0 417 0 19.508404 STANDARD
182 0 270 0 18.02723 STANDARD
182 0 185 0 17.358833 STANDARD
182 0 604 0 17.218409 STANDARD
182 0 171 0 16.242437 STANDARD
182 0 1068 0 16.100914 STANDARD
182 0 73 0 15.973472 STANDARD
182 0 600 0 15.959572 STANDARD
183 0 1074 0 9.775984 STANDARD
183 0 1075 0 8.67191 STANDARD
183 0 1093 0 8.198293 STANDARD
183 0 997 0 8.080557 STANDARD
183 0 772 0 7.3745265 STANDARD
183 0 176 0 7.250475 STANDARD
183 0 1062 0 7.1711497 STANDARD
183 0 409 0 7.159232 STANDARD
183 0 243 0 7.1501694 STANDARD
183 0 993 0 7.086463 STANDARD
184 0 974 0 22.938164 STANDARD
184 0 1288 0 20.294046 STANDARD
184 0 1326 0 18.84288 STANDARD
184 0 773 0 8.959321 STANDARD
184 0 451 0 8.958399 STANDARD
184 0 397 0 8.3702965 STANDARD
184 0 1265 0 7.015785 STANDARD
184 0 1095 0 6.950152 STANDARD
184 0 646 0 6.112292 STANDARD
184 0 1237 0 5.886302 STANDARD
187 0 240 0 20.510948 STANDARD
187 0 981 0 18.373898 STANDARD
187 0 5 0 17.890179 STANDARD
187 0 586 0 15.46233 STANDARD
187 0 637 0 12.03721 STANDARD
187 0 6 0 11.880284 STANDARD
187 0 270 0 11.816451 STANDARD
187 0 1375 0 11.514282 STANDARD
187 0 585 0 11.376852 STANDARD
187 0 1207 0 11.166048 STANDARD
189 0 945 0 31.347769 STANDARD
189 0 1063 0 13.740588 STANDARD
189 0 745 0 12.920436 STANDARD
189 0 92 0 12.917885 STANDARD
189 0 1246 0 12.298006 STANDARD
189 0 606 0 9.818526 STANDARD
189 0 834 0 9.643108 STANDARD
189 0 280 0 9.458641 STANDARD
189 0 111 0 9.328413 STANDARD
189 0 429 0 9.25024 STANDARD
190 0 945 0 19.03663 STANDARD
190 0 989 0 16.758465 STANDARD
190 0 988 0 16.09692 STANDARD
190 0 660 0 13.185729 STANDARD
190 0 527 0 12.6752 STANDARD
190 0 987 0 12.389282 STANDARD
190 0 314 0 11.8675995 STANDARD
190 0 985 0 10.994717 STANDARD
190 0 933 0 10.172169 STANDARD
190 0 4 0 10.112935 STANDARD
196 0 948 0 25.465252 STANDARD
196 0 859 0 21.431486 STANDARD
196 0 864 0 16.179792 STANDARD
196 0 982 0 14.283207 STANDARD
196 0 709 0 14.150818 STANDARD
196 0 711 0 14.146206 STANDARD
196 0 729 0 14.039701 STANDARD
196 0 727 0 14.019476 STANDARD
196 0 51 0 13.488443 STANDARD
196 0 658 0 13.4218235 STANDARD
200 0 950 0 28.267693 STANDARD
200 0 1021 0 19.042484 STANDARD
200 0 1022 0 14.6826515 STANDARD
200 0 1023 0 14.222678 STANDARD
200 0 1019 0 13.449648 STANDARD
200 0 1025 0 13.292789 STANDARD
200 0 1017 0 13.204461 STANDARD
200 0 1028 0 12.351319 STANDARD
200 0 1034 0 12.249695 STANDARD
200 0 1125 0 11.801294 STANDARD
201 0 950 0 10.522913 STANDARD
201 0 1021 0 10.066112 STANDARD
201 0 1017 0 9.806004 STANDARD
201 0 1026 0 9.182279 STANDARD
201 0 1013 0 9.1371975 STANDARD
201 0 1020 0 9.005349 STANDARD
201 0 1023 0 8.977707 STANDARD
201 0 1052 0 8.715584 STANDARD
201 0 1015 0 8.702748 STANDARD
201 0 1029 0 8.611643 STANDARD
202 0 950 0 10.142611 STANDARD
202 0 1026 0 9.182279 STANDARD
202 0 1013 0 9.1371975 STANDARD
202 0 951 0 9.055201 STANDARD
202 0 1028 0 9.009196 STANDARD
202 0 1020 0 9.005349 STANDARD
202 0 1023 0 8.977707 STANDARD
202 0 1017 0 8.919249 STANDARD
202 0 1015 0 8.702748 STANDARD
202 0 1021 0 8.6501255 STANDARD
203 0 240 0 17.717403 STANDARD
203 0 849 0 15.469577 STANDARD
203 0 1012 0 15.429758 STANDARD
203 0 951 0 15.278024 STANDARD
203 0 723 0 15.270517 STANDARD
203 0 763 0 14.619658 STANDARD
203 0 866 0 14.13472 STANDARD
203 0 693 0 13.898601 STANDARD
203 0 1052 0 13.684254 STANDARD
203 0 169 0 13.045434 STANDARD
204 0 1026 0 14.905797 STANDARD
204 0 950 0 14.892079 STANDARD
204 0 1020 0 14.852062 STANDARD
204 0 1029 0 14.307137 STANDARD
204 0 1017 0 14.21847 STANDARD
204 0 1021 0 14.0413065 STANDARD
204 0 1023 0 13.92536 STANDARD
204 0 1019 0 13.532175 STANDARD
204 0 1024 0 13.52488 STANDARD
204 0 1028 0 13.399941 STANDARD
205 0 1033 0 15.067821 STANDARD
205 0 831 0 13.958758 STANDARD
205 0 951 0 13.9416065 STANDARD
205 0 763 0 13.414574 STANDARD
205 0 1125 0 13.115474 STANDARD
205 0 1021 0 12.921729 STANDARD
205 0 829 0 12.090075 STANDARD
205 0 1131 0 11.798045 STANDARD
205 0 761 0 11.468155 STANDARD
205 0 1145 0 11.3906555 STANDARD
206 0 952 0 52.84182 STANDARD
206 0 1023 0 24.770111 STANDARD
206 0 1026 0 24.281075 STANDARD
206 0 1034 0 22.663946 STANDARD
206 0 740 0 20.885788 STANDARD
206 0 1032 0 20.266336 STANDARD
206 0 1017 0 20.205936 STANDARD
206 0 1021 0 20.180027 STANDARD
206 0 1024 0 18.519335 STANDARD
206 0 1025 0 18.11629 STANDARD
208 0 846 0 16.192871 STANDARD
208 0 763 0 15.733626 STANDARD
208 0 740 0 15.602466 STANDARD
208 0 890 0 14.5534115 STANDARD
208 0 953 0 14.531423 STANDARD
208 0 841 0 14.449801 STANDARD
208 0 897 0 14.028422 STANDARD
208 0 129 0 12.920269 STANDARD
208 0 844 0 12.842244 STANDARD
208 0 769 0 12.648106 STANDARD
209 0 763 0 22.50059 STANDARD
209 0 846 0 18.954079 STANDARD
209 0 723 0 18.409872 STANDARD
209 0 240 0 17.483194 STANDARD
209 0 887 0 16.859995 STANDARD
209 0 177 0 16.753553 STANDARD
209 0 993 0 16.656927 STANDARD
209 0 129 0 16.314054 STANDARD
209 0 849 0 15.704736 STANDARD
209 0 1159 0 15.173783 STANDARD
210 0 954 0 19.816586 STANDARD
210 0 497 0 9.499708 STANDARD
210 0 1038 0 8.426472 STANDARD
210 0 720 0 7.869572 STANDARD
210 0 834 0 7.61067 STANDARD
210 0 1045 0 7.4472995 STANDARD
210 0 762 0 7.368636 STANDARD
210 0 870 0 7.251509 STANDARD
210 0 1041 0 7.0642962 STANDARD
210 0 1046 0 6.608165 STANDARD
211 0 1135 0 12.578922 STANDARD
211 0 828 0 11.506671 STANDARD
211 0 819 0 9.861432 STANDARD
211 0 1134 0 9.459376 STANDARD
211 0 851 0 9.387474 STANDARD
211 0 1038 0 9.269185 STANDARD
211 0 889 0 9.199615 STANDARD
211 0 843 0 9.007861 STANDARD
211 0 885 0 8.815952 STANDARD
211 0 1043 0 8.591921 STANDARD
212 0 1175 0 14.925573 STANDARD
212 0 890 0 9.741568 STANDARD
212 0 1125 0 9.680009 STANDARD
212 0 954 0 9.05575 STANDARD
212 0 1068 0 9.039684 STANDARD
212 0 765 0 8.834115 STANDARD
212 0 769 0 8.227007 STANDARD
212 0 740 0 8.076919 STANDARD
212 0 885 0 8.033046 STANDARD
212 0 870 0 7.995771 STANDARD
213 0 954 0 12.224824 STANDARD
213 0 828 0 10.766151 STANDARD
213 0 1052 0 9.800545 STANDARD
213 0 1043 0 9.758001 STANDARD
213 0 1134 0 9.46453 STANDARD
213 0 930 0 9.414654 STANDARD
213 0 849 0 8.835981 STANDARD
213 0 885 0 8.820802 STANDARD
213 0 240 0 8.567858 STANDARD
213 0 889 0 8.408319 STANDARD
214 0 1045 0 24.68211 STANDARD
214 0 839 0 23.845232 STANDARD
214 0 955 0 22.110754 STANDARD
214 0 1046 0 20.010708 STANDARD
214 0 838 0 19.017597 STANDARD
214 0 763 0 18.575039 STANDARD
214 0 1051 0 18.310698 STANDARD
214 0 1178 0 18.09264 STANDARD
214 0 786 0 16.90386 STANDARD
214 0 1047 0 16.571049 STANDARD
215 0 1045 0 19.453331 STANDARD
215 0 1051 0 17.388508 STANDARD
215 0 1046 0 17.024033 STANDARD
215 0 839 0 16.269516 STANDARD
215 0 838 0 15.363859 STANDARD
215 0 928 0 13.511403 STANDARD
215 0 1048 0 13.301841 STANDARD
215 0 827 0 11.827818 STANDARD
215 0 1047 0 11.801069 STANDARD
215 0 955 0 11.446028 STANDARD
216 0 1045 0 24.178036 STANDARD
216 0 955 0 24.150854 STANDARD
216 0 840 0 17.329546 STANDARD
216 0 1046 0 15.928029 STANDARD
216 0 641 0 15.378156 STANDARD
216 0 730 0 15.186079 STANDARD
216 0 1047 0 13.401918 STANDARD
216 0 928 0 12.886793 STANDARD
216 0 839 0 12.67458 STANDARD
216 0 838 0 11.459237 STANDARD
217 0 956 0 33.771423 STANDARD
217 0 1050 0 26.584053 STANDARD
217 0 1049 0 19.422802 STANDARD
217 0 1392 0 14.430647 STANDARD
217 0 1128 0 12.6069565 STANDARD
217 0 1358 0 12.306722 STANDARD
217 0 1145 0 11.231238 STANDARD
217 0 1387 0 10.919506 STANDARD
217 0 1127 0 10.551978 STANDARD
217 0 852 0 10.436029 STANDARD
218 0 1048 0 20.696178 STANDARD
218 0 1050 0 13.2132 STANDARD
218 0 956 0 13.108872 STANDARD
218 0 826 0 11.824869 STANDARD
218 0 1126 0 11.401981 STANDARD
218 0 761 0 11.0243 STANDARD
218 0 928 0 10.813053 STANDARD
218 0 1127 0 10.232311 STANDARD
218 0 1069 0 9.573674 STANDARD
218 0 822 0 9.526709 STANDARD
219 0 930 0 13.887088 STANDARD
219 0 926 0 11.341344 STANDARD
219 0 931 0 10.324286 STANDARD
219 0 1070 0 10.253716 STANDARD
219 0 19 0 9.583239 STANDARD
219 0 937 0 9.278149 STANDARD
219 0 1051 0 8.888898 STANDARD
219 0 1364 0 8.837813 STANDARD
219 0 740 0 8.59079 STANDARD
219 0 1059 0 8.530052 STANDARD
223 0 1062 0 25.031208 STANDARD
223 0 1074 0 22.18135 STANDARD
223 0 1075 0 21.859097 STANDARD
223 0 923 0 14.229818 STANDARD
223 0 1202 0 12.983688 STANDARD
223 0 1243 0 12.037416 STANDARD
223 0 1108 0 11.692668 STANDARD
223 0 230 0 11.334046 STANDARD
223 0 593 0 11.333222 STANDARD
223 0 1259 0 11.171718 STANDARD
224 0 240 0 16.377321 STANDARD
224 0 693 0 13.315644 STANDARD
224 0 924 0 12.816576 STANDARD
224 0 783 0 12.400427 STANDARD
224 0 1262 0 11.879502 STANDARD
224 0 677 0 10.634187 STANDARD
224 0 676 0 10.235396 STANDARD
224 0 849 0 10.008563 STANDARD
224 0 763 0 9.92157 STANDARD
224 0 1261 0 9.831193 STANDARD
225 0 671 0 13.444867 STANDARD
225 0 240 0 13.036184 STANDARD
225 0 42 0 12.849185 STANDARD
225 0 646 0 12.848383 STANDARD
225 0 1225 0 11.621033 STANDARD
225 0 723 0 11.451916 STANDARD
225 0 134 0 11.23863 STANDARD
225 0 94 0 10.988473 STANDARD
225 0 1364 0 10.659723 STANDARD
225 0 43 0 10.2900095 STANDARD
226 0 1063 0 19.080437 STANDARD
226 0 1085 0 14.569296 STANDARD
226 0 1081 0 13.222347 STANDARD
226 0 1082 0 11.090561 STANDARD
226 0 228 0 8.998571 STANDARD
226 0 1088 0 8.280864 STANDARD
226 0 349 0 7.2153983 STANDARD
226 0 393 0 7.0829964 STANDARD
226 0 1079 0 6.9923205 STANDARD
226 0 394 0 6.7596602 STANDARD
227 0 1088 0 28.301706 STANDARD
227 0 1054 0 15.461762 STANDARD
227 0 1055 0 11.499198 STANDARD
227 0 1086 0 11.430038 STANDARD
227 0 1087 0 10.868578 STANDARD
227 0 111 0 10.239697 STANDARD
227 0 1262 0 9.877021 STANDARD
227 0 1362 0 9.493479 STANDARD
227 0 1079 0 8.96454 STANDARD
227 0 367 0 8.834447 STANDARD
230 0 1101 0 10.02252 STANDARD
230 0 804 0 8.834029 STANDARD
230 0 1065 0 8.5258255 STANDARD
230 0 76 0 7.9986773 STANDARD
230 0 553 0 7.452248 STANDARD
230 0 1097 0 7.1992855 STANDARD
230 0 1100 0 6.8141117 STANDARD
230 0 1099 0 6.7874246 STANDARD
230 0 810 0 6.5992055 STANDARD
230 0 781 0 6.596556 STANDARD
231 0 1096 0 15.363267 STANDARD
231 0 553 0 13.68298 STANDARD
231 0 1097 0 12.261597 STANDARD
231 0 1098 0 11.142835 STANDARD
231 0 1065 0 10.64891 STANDARD
231 0 1100 0 9.288147 STANDARD
231 0 1099 0 9.180358 STANDARD
231 0 587 0 8.549798 STANDARD
231 0 818 0 8.4499655 STANDARD
231 0 82 0 7.9954205 STANDARD
232 0 456 0 20.306366 STANDARD
232 0 1006 0 17.895796 STANDARD
232 0 556 0 16.45717 STANDARD
232 0 25 0 16.442335 STANDARD
232 0 369 0 16.097609 STANDARD
232 0 1377 0 16.068918 STANDARD
232 0 576 0 15.907615 STANDARD
232 0 295 0 15.788296 STANDARD
232 0 101 0 15.494046 STANDARD
232 0 294 0 15.4211855 STANDARD
233 0 302 0 13.442159 STANDARD
233 0 552 0 11.152268 STANDARD
233 0 949 0 8.806662 STANDARD
233 0 108 0 7.6931224 STANDARD
233 0 691 0 7.6069417 STANDARD
233 0 59 0 7.267065 STANDARD
233 0 240 0 6.7145066 STANDARD
233 0 1314 0 6.610408 STANDARD
233 0 405 0 6.3326955 STANDARD
233 0 364 0 6.177055 STANDARD
234 0 1066 0 21.11867 STANDARD
234 0 240 0 16.652805 STANDARD
234 0 1112 0 15.423168 STANDARD
234 0 1197 0 14.817585 STANDARD
234 0 849 0 14.426157 STANDARD
234 0 42 0 12.883538 STANDARD
234 0 658 0 12.000634 STANDARD
234 0 1259 0 11.817533 STANDARD
234 0 1363 0 11.599234 STANDARD
234 0 846 0 11.559029 STANDARD
241 0 1071 0 32.44209 STANDARD
241 0 885 0 30.239342 STANDARD
241 0 740 0 27.341215 STANDARD
241 0 769 0 24.992622 STANDARD
241 0 890 0 24.559956 STANDARD
241 0 891 0 24.313576 STANDARD
241 0 1134 0 23.191408 STANDARD
241 0 1126 0 21.840694 STANDARD
241 0 1041 0 20.773905 STANDARD
241 0 763 0 20.485348 STANDARD
245 0 1185 0 29.459023 STANDARD
245 0 1386 0 26.021593 STANDARD
245 0 54 0 25.966587 STANDARD
245 0 240 0 24.563538 STANDARD
245 0 1192 0 23.66372 STANDARD
245 0 460 0 22.62057 STANDARD
245 0 364 0 20.570429 STANDARD
245 0 55 0 20.230274 STANDARD
245 0 646 0 19.084356 STANDARD
245 0 1366 0 18.501516 STANDARD
246 0 55 0 20.971174 STANDARD
246 0 460 0 20.643969 STANDARD
246 0 62 0 19.846563 STANDARD
246 0 240 0 18.87886 STANDARD
246 0 54 0 18.415756 STANDARD
246 0 1109 0 18.146929 STANDARD
246 0 1386 0 17.647976 STANDARD
246 0 1366 0 17.2176 STANDARD
246 0 461 0 17.004856 STANDARD
246 0 1185 0 16.899868 STANDARD
247 0 492 0 28.474304 STANDARD
247 0 56 0 20.54771 STANDARD
247 0 57 0 18.960388 STANDARD
247 0 1311 0 15.999611 STANDARD
247 0 232 0 15.301536 STANDARD
247 0 240 0 14.976939 STANDARD
247 0 354 0 14.675649 STANDARD
247 0 37 0 14.327315 STANDARD
247 0 334 0 13.64262 STANDARD
247 0 48 0 13.619707 STANDARD
250 0 1187 0 13.976191 STANDARD
250 0 311 0 12.182707 STANDARD
250 0 358 0 11.696182 STANDARD
250 0 416 0 11.5033655 STANDARD
250 0 265 0 10.505985 STANDARD
250 0 1364 0 10.061184 STANDARD
250 0 334 0 9.732751 STANDARD
250 0 415 0 9.23721 STANDARD
250 0 291 0 8.876456 STANDARD
250 0 71 0 8.787554 STANDARD
251 0 504 0 22.413363 STANDARD
251 0 240 0 12.707486 STANDARD
251 0 978 0 12.671391 STANDARD
251 0 256 0 12.369457 STANDARD
251 0 364 0 12.300962 STANDARD
251 0 383 0 12.295336 STANDARD
251 0 72 0 12.229297 STANDARD
251 0 16 0 11.902912 STANDARD
251 0 209 0 11.411925 STANDARD
251 0 1268 0 11.333847 STANDARD
252 0 504 0 24.559072 STANDARD
252 0 256 0 15.051808 STANDARD
252 0 1364 0 13.675478 STANDARD
252 0 334 0 13.50161 STANDARD
252 0 1303 0 13.379644 STANDARD
252 0 417 0 13.199415 STANDARD
252 0 240 0 12.638487 STANDARD
252 0 16 0 12.315643 STANDARD
252 0 72 0 12.229297 STANDARD
252 0 209 0 11.921636 STANDARD
253 0 1279 0 16.281181 STANDARD
253 0 1098 0 14.0305195 STANDARD
253 0 240 0 12.373339 STANDARD
253 0 553 0 11.722258 STANDARD
253 0 544 0 11.510057 STANDARD
253 0 693 0 11.383758 STANDARD
253 0 1303 0 11.190277 STANDARD
253 0 82 0 11.070547 STANDARD
253 0 101 0 11.066863 STANDARD
253 0 677 0 10.571027 STANDARD
254 0 240 0 23.084898 STANDARD
254 0 118 0 21.53852 STANDARD
254 0 157 0 19.564013 STANDARD
254 0 604 0 18.832365 STANDARD
254 0 693 0 18.053778 STANDARD
254 0 217 0 17.752556 STANDARD
254 0 544 0 17.228159 STANDARD
254 0 466 0 16.964914 STANDARD
254 0 750 0 16.885586 STANDARD
254 0 849 0 16.131529 STANDARD
255 0 240 0 21.059925 STANDARD
255 0 118 0 20.952187 STANDARD
255 0 157 0 20.82679 STANDARD
255 0 693 0 18.820898 STANDARD
255 0 217 0 17.295961 STANDARD
255 0 750 0 15.91168 STANDARD
255 0 849 0 15.694435 STANDARD
255 0 544 0 15.679079 STANDARD
255 0 341 0 15.363159 STANDARD
255 0 468 0 15.136415 STANDARD
257 0 139 0 19.513823 STANDARD
257 0 238 0 19.141655 STANDARD
257 0 904 0 18.089012 STANDARD
257 0 1082 0 17.965303 STANDARD
257 0 905 0 16.879759 STANDARD
257 0 893 0 16.528528 STANDARD
257 0 239 0 15.393112 STANDARD
257 0 1191 0 14.503047 STANDARD
257 0 140 0 13.28017 STANDARD
257 0 666 0 12.660054 STANDARD
259 0 516 0 31.554968 STANDARD
259 0 431 0 30.995314 STANDARD
259 0 252 0 25.90075 STANDARD
259 0 141 0 19.430609 STANDARD
259 0 1004 0 18.87108 STANDARD
259 0 755 0 17.981058 STANDARD
259 0 672 0 17.523703 STANDARD
259 0 1395 0 16.944632 STANDARD
259 0 1153 0 16.854519 STANDARD
259 0 808 0 16.765545 STANDARD
261 0 320 0 24.058958 STANDARD
261 0 321 0 23.527132 STANDARD
261 0 322 0 23.304504 STANDARD
261 0 527 0 20.165894 STANDARD
261 0 476 0 19.73203 STANDARD
261 0 478 0 11.445328 STANDARD
261 0 731 0 9.332711 STANDARD
261 0 981 0 8.667777 STANDARD
261 0 155 0 7.9875264 STANDARD
261 0 1370 0 7.6664867 STANDARD
264 0 1054 0 12.391568 STANDARD
264 0 451 0 11.255304 STANDARD
264 0 1086 0 10.87528 STANDARD
264 0 532 0 10.862891 STANDARD
264 0 367 0 9.74872 STANDARD
264 0 1087 0 9.178028 STANDARD
264 0 931 0 9.177178 STANDARD
264 0 417 0 9.098835 STANDARD
264 0 1073 0 9.013499 STANDARD
264 0 155 0 8.967179 STANDARD
265 0 483 0 15.5141735 STANDARD
265 0 533 0 13.308085 STANDARD
265 0 501 0 10.362307 STANDARD
265 0 411 0 9.868895 STANDARD
265 0 35 0 8.098899 STANDARD
265 0 1140 0 7.8211637 STANDARD
265 0 1390 0 7.4825754 STANDARD
265 0 1274 0 7.338909 STANDARD
265 0 1319 0 7.338909 STANDARD
265 0 1157 0 6.798996 STANDARD
266 0 1080 0 12.759334 STANDARD
266 0 941 0 12.494585 STANDARD
266 0 666 0 11.339726 STANDARD
266 0 1191 0 11.241044 STANDARD
266 0 1082 0 10.482897 STANDARD
266 0 270 0 10.46474 STANDARD
266 0 238 0 10.359001 STANDARD
266 0 139 0 10.092909 STANDARD
266 0 1256 0 10.057165 STANDARD
266 0 53 0 8.72936 STANDARD
267 0 542 0 21.215443 STANDARD
267 0 586 0 13.753536 STANDARD
267 0 1073 0 11.584781 STANDARD
267 0 869 0 11.2836075 STANDARD
267 0 981 0 11.166633 STANDARD
267 0 160 0 10.835139 STANDARD
267 0 185 0 10.8089485 STANDARD
267 0 181 0 10.541359 STANDARD
267 0 963 0 10.343021 STANDARD
267 0 164 0 8.858109 STANDARD
268 0 543 0 16.4928 STANDARD
268 0 590 0 16.26325 STANDARD
268 0 237 0 13.300849 STANDARD
268 0 216 0 13.270965 STANDARD
268 0 588 0 11.762616 STANDARD
268 0 426 0 10.327691 STANDARD
268 0 138 0 10.229455 STANDARD
268 0 589 0 10.104135 STANDARD
268 0 214 0 9.55289 STANDARD
268 0 772 0 9.254678 STANDARD
269 0 216 0 14.01106 STANDARD
269 0 591 0 13.481494 STANDARD
269 0 237 0 12.004244 STANDARD
269 0 590 0 11.03562 STANDARD
269 0 740 0 10.696662 STANDARD
269 0 138 0 9.018619 STANDARD
269 0 543 0 8.824015 STANDARD
269 0 426 0 8.433379 STANDARD
269 0 589 0 7.8355813 STANDARD
269 0 214 0 7.553862 STANDARD
272 0 633 0 30.043423 STANDARD
272 0 240 0 24.469986 STANDARD
272 0 849 0 22.421759 STANDARD
272 0 224 0 22.301582 STANDARD
272 0 693 0 22.092064 STANDARD
272 0 680 0 21.316448 STANDARD
272 0 278 0 20.941835 STANDARD
272 0 108 0 20.93163 STANDARD
272 0 428 0 20.700592 STANDARD
272 0 220 0 20.599472 STANDARD
273 0 548 0 18.278881 STANDARD
273 0 616 0 15.236109 STANDARD
273 0 622 0 14.490707 STANDARD
273 0 614 0 11.823616 STANDARD
273 0 617 0 10.489589 STANDARD
273 0 613 0 9.840561 STANDARD
273 0 218 0 8.809669 STANDARD
273 0 882 0 7.4512544 STANDARD
273 0 1103 0 7.4096107 STANDARD
273 0 1391 0 7.34545 STANDARD
274 0 1074 0 9.820471 STANDARD
274 0 1075 0 9.326419 STANDARD
274 0 997 0 8.613251 STANDARD
274 0 1374 0 8.197509 STANDARD
274 0 1151 0 7.884919 STANDARD
274 0 1093 0 7.8230867 STANDARD
274 0 243 0 7.7759056 STANDARD
274 0 409 0 7.6697245 STANDARD
274 0 1062 0 7.650964 STANDARD
274 0 610 0 7.01834 STANDARD
275 0 634 0 49.85191 STANDARD
275 0 685 0 32.47458 STANDARD
275 0 1300 0 16.428104 STANDARD
275 0 593 0 16.09138 STANDARD
275 0 440 0 15.983245 STANDARD
275 0 686 0 15.298922 STANDARD
275 0 334 0 15.167555 STANDARD
275 0 572 0 15.143972 STANDARD
275 0 655 0 14.885499 STANDARD
275 0 856 0 14.35826 STANDARD
277 0 809 0 12.135015 STANDARD
277 0 804 0 11.59144 STANDARD
277 0 758 0 10.9757395 STANDARD
277 0 808 0 9.576436 STANDARD
277 0 893 0 9.527351 STANDARD
277 0 1177 0 8.8701935 STANDARD
277 0 811 0 8.8346815 STANDARD
277 0 1243 0 8.738076 STANDARD
277 0 39 0 8.588286 STANDARD
277 0 1247 0 8.378034 STANDARD
283 0 1217 0 9.500537 STANDARD
283 0 1379 0 9.172641 STANDARD
283 0 1219 0 9.063946 STANDARD
283 0 274 0 8.388062 STANDARD
283 0 1391 0 8.122136 STANDARD
283 0 82 0 7.833517 STANDARD
283 0 555 0 7.4471006 STANDARD
283 0 509 0 7.072229 STANDARD
283 0 717 0 6.6802983 STANDARD
283 0 713 0 6.105016 STANDARD
284 0 856 0 17.017406 STANDARD
284 0 390 0 13.927458 STANDARD
284 0 857 0 12.872675 STANDARD
284 0 658 0 10.644879 STANDARD
284 0 15 0 10.493912 STANDARD
284 0 948 0 9.966715 STANDARD
284 0 858 0 9.128771 STANDARD
284 0 766 0 9.087668 STANDARD
284 0 894 0 8.537083 STANDARD
284 0 391 0 7.7120247 STANDARD
285 0 1062 0 12.685238 STANDARD
285 0 1243 0 12.4770355 STANDARD
285 0 1074 0 11.572541 STANDARD
285 0 1239 0 11.406456 STANDARD
285 0 923 0 11.171623 STANDARD
285 0 610 0 10.998707 STANDARD
285 0 1075 0 10.865565 STANDARD
285 0 230 0 10.717534 STANDARD
285 0 520 0 9.648421 STANDARD
285 0 229 0 9.473435 STANDARD
288 0 763 0 29.205412 STANDARD
288 0 841 0 22.42934 STANDARD
288 0 839 0 21.629375 STANDARD
288 0 846 0 19.44801 STANDARD
288 0 1068 0 17.959936 STANDARD
288 0 1051 0 17.863558 STANDARD
288 0 926 0 17.368826 STANDARD
288 0 1171 0 17.059978 STANDARD
288 0 897 0 16.821362 STANDARD
288 0 1126 0 16.581608 STANDARD
291 0 725 0 21.329361 STANDARD
291 0 722 0 17.123852 STANDARD
291 0 640 0 15.099354 STANDARD
291 0 544 0 14.184805 STANDARD
291 0 740 0 13.63524 STANDARD
291 0 497 0 12.485355 STANDARD
291 0 762 0 12.311858 STANDARD
291 0 220 0 11.991024 STANDARD
291 0 909 0 11.715357 STANDARD
291 0 911 0 11.46937 STANDARD
292 0 240 0 18.455141 STANDARD
292 0 767 0 15.27002 STANDARD
292 0 907 0 12.416117 STANDARD
292 0 693 0 12.006963 STANDARD
292 0 581 0 11.772795 STANDARD
292 0 535 0 11.770284 STANDARD
292 0 849 0 11.72043 STANDARD
292 0 640 0 11.576733 STANDARD
292 0 1052 0 11.556789 STANDARD
292 0 252 0 11.385724 STANDARD
293 0 390 0 19.485594 STANDARD
293 0 658 0 17.752901 STANDARD
293 0 42 0 17.13845 STANDARD
293 0 15 0 16.93747 STANDARD
293 0 856 0 16.271873 STANDARD
293 0 240 0 15.688116 STANDARD
293 0 627 0 15.008817 STANDARD
293 0 1339 0 14.442782 STANDARD
293 0 948 0 13.930791 STANDARD
293 0 134 0 13.004501 STANDARD
294 0 1392 0 12.770249 STANDARD
294 0 658 0 12.50867 STANDARD
294 0 15 0 12.274304 STANDARD
294 0 894 0 11.788442 STANDARD
294 0 660 0 10.82573 STANDARD
294 0 319 0 10.68508 STANDARD
294 0 75 0 10.639926 STANDARD
294 0 857 0 10.596099 STANDARD
294 0 766 0 10.450554 STANDARD
294 0 856 0 10.427366 STANDARD
295 0 641 0 15.702243 STANDARD
295 0 735 0 12.314144 STANDARD
295 0 647 0 10.317216 STANDARD
295 0 734 0 8.749946 STANDARD
295 0 875 0 6.7825327 STANDARD
295 0 1202 0 5.2759795 STANDARD
295 0 777 0 5.0456915 STANDARD
295 0 1135 0 5.031426 STANDARD
295 0 551 0 5.0143375 STANDARD
295 0 950 0 4.9923754 STANDARD
296 0 641 0 12.025219 STANDARD
296 0 730 0 11.488406 STANDARD
296 0 1088 0 10.324534 STANDARD
296 0 733 0 10.2679 STANDARD
296 0 734 0 9.24493 STANDARD
296 0 422 0 9.069705 STANDARD
296 0 735 0 8.619997 STANDARD
296 0 551 0 8.40961 STANDARD
296 0 1392 0 8.123544 STANDARD
296 0 703 0 7.5829515 STANDARD
297 0 642 0 36.66747 STANDARD
297 0 744 0 26.767298 STANDARD
297 0 932 0 23.91257 STANDARD
297 0 740 0 21.980152 STANDARD
297 0 739 0 19.854572 STANDARD
297 0 760 0 19.70097 STANDARD
297 0 741 0 19.189915 STANDARD
297 0 763 0 18.36881 STANDARD
297 0 888 0 18.335194 STANDARD
297 0 1122 0 17.850548 STANDARD
298 0 642 0 30.383398 STANDARD
298 0 744 0 24.479677 STANDARD
298 0 1055 0 22.978241 STANDARD
298 0 1122 0 21.532837 STANDARD
298 0 932 0 20.505108 STANDARD
298 0 1054 0 20.353102 STANDARD
298 0 739 0 19.273243 STANDARD
298 0 763 0 17.635788 STANDARD
298 0 1293 0 17.497862 STANDARD
298 0 1051 0 17.28433 STANDARD
299 0 240 0 18.226585 STANDARD
299 0 693 0 16.54465 STANDARD
299 0 1364 0 14.106458 STANDARD
299 0 849 0 13.645965 STANDARD
299 0 466 0 13.245518 STANDARD
299 0 875 0 12.933544 STANDARD
299 0 184 0 12.790001 STANDARD
299 0 604 0 12.72274 STANDARD
299 0 763 0 12.721368 STANDARD
299 0 108 0 12.636319 STANDARD
300 0 881 0 15.256089 STANDARD
300 0 884 0 14.585864 STANDARD
300 0 723 0 14.211327 STANDARD
300 0 726 0 9.958072 STANDARD
300 0 768 0 9.936074 STANDARD
300 0 261 0 7.5479207 STANDARD
300 0 767 0 7.0821614 STANDARD
300 0 640 0 6.9687204 STANDARD
300 0 883 0 6.7651906 STANDARD
300 0 1312 0 6.719728 STANDARD
301 0 763 0 19.535734 STANDARD
301 0 890 0 16.432758 STANDARD
301 0 1052 0 15.771152 STANDARD
301 0 240 0 15.050331 STANDARD
301 0 743 0 14.333036 STANDARD
301 0 897 0 14.111728 STANDARD
301 0 993 0 13.93744 STANDARD
301 0 693 0 13.008995 STANDARD
301 0 739 0 12.585731 STANDARD
301 0 1103 0 12.543675 STANDARD
303 0 1294 0 14.388807 STANDARD
303 0 931 0 11.269777 STANDARD
303 0 930 0 10.984694 STANDARD
303 0 1054 0 10.760186 STANDARD
303 0 1059 0 10.4771 STANDARD
303 0 852 0 10.41849 STANDARD
303 0 1055 0 10.330356 STANDARD
303 0 130 0 10.273449 STANDARD
303 0 744 0 9.679222 STANDARD
303 0 740 0 9.596887 STANDARD
304 0 1134 0 16.815905 STANDARD
304 0 1071 0 16.005356 STANDARD
304 0 159 0 13.377515 STANDARD
304 0 885 0 12.83098 STANDARD
304 0 579 0 11.862853 STANDARD
304 0 1052 0 11.758945 STANDARD
304 0 935 0 11.528445 STANDARD
304 0 461 0 11.399223 STANDARD
304 0 395 0 11.302375 STANDARD
304 0 760 0 11.1390705 STANDARD
306 0 625 0 17.087673 STANDARD
306 0 1391 0 13.2920475 STANDARD
306 0 240 0 13.016972 STANDARD
306 0 1379 0 12.780955 STANDARD
306 0 1297 0 12.715322 STANDARD
306 0 1217 0 12.150521 STANDARD
306 0 1364 0 11.828928 STANDARD
306 0 410 0 11.686311 STANDARD
306 0 1296 0 11.445264 STANDARD
306 0 1219 0 11.085328 STANDARD
314 0 1285 0 24.259672 STANDARD
314 0 1378 0 15.172926 STANDARD
314 0 1310 0 13.133881 STANDARD
314 0 925 0 12.38763 STANDARD
314 0 225 0 11.393846 STANDARD
314 0 814 0 11.2624855 STANDARD
314 0 1319 0 11.25338 STANDARD
314 0 1274 0 11.176544 STANDARD
314 0 927 0 10.819979 STANDARD
314 0 612 0 10.483867 STANDARD
315 0 923 0 9.897192 STANDARD
315 0 370 0 9.63692 STANDARD
315 0 676 0 9.410613 STANDARD
315 0 677 0 9.338258 STANDARD
315 0 19 0 8.925348 STANDARD
315 0 1285 0 8.899171 STANDARD
315 0 482 0 8.884838 STANDARD
315 0 907 0 8.765752 STANDARD
315 0 122 0 8.569594 STANDARD
315 0 1306 0 8.070267 STANDARD
316 0 147 0 6.9623294 STANDARD
316 0 573 0 6.7906466 STANDARD
316 0 57 0 6.3506007 STANDARD
316 0 496 0 6.3375154 STANDARD
316 0 139 0 5.8632298 STANDARD
316 0 1184 0 5.8408737 STANDARD
316 0 971 0 5.826975 STANDARD
316 0 443 0 5.7471356 STANDARD
316 0 1378 0 5.678679 STANDARD
316 0 38 0 5.642935 STANDARD
317 0 1287 0 10.771435 STANDARD
317 0 133 0 10.119108 STANDARD
317 0 375 0 9.379346 STANDARD
317 0 1323 0 9.319467 STANDARD
317 0 364 0 8.986457 STANDARD
317 0 1182 0 8.927693 STANDARD
317 0 1199 0 8.603662 STANDARD
317 0 1235 0 8.592641 STANDARD
317 0 352 0 8.35642 STANDARD
317 0 381 0 8.356157 STANDARD
321 0 1290 0 37.755104 STANDARD
321 0 252 0 16.445023 STANDARD
321 0 1338 0 16.155354 STANDARD
321 0 315 0 15.132541 STANDARD
321 0 879 0 14.193357 STANDARD
321 0 1341 0 14.0293455 STANDARD
321 0 205 0 13.944704 STANDARD
321 0 441 0 13.631021 STANDARD
321 0 1353 0 13.303167 STANDARD
321 0 799 0 13.002612 STANDARD
323 0 859 0 11.286782 STANDARD
323 0 749 0 10.369754 STANDARD
323 0 1290 0 9.919401 STANDARD
323 0 1341 0 8.981338 STANDARD
323 0 948 0 8.1783905 STANDARD
323 0 766 0 7.9035754 STANDARD
323 0 747 0 7.894242 STANDARD
323 0 391 0 7.606813 STANDARD
323 0 1338 0 7.5901327 STANDARD
323 0 593 0 7.524714 STANDARD
327 0 1291 0 29.576162 STANDARD
327 0 240 0 23.187042 STANDARD
327 0 849 0 22.135347 STANDARD
327 0 1345 0 21.44074 STANDARD
327 0 1344 0 21.04643 STANDARD
327 0 163 0 20.999437 STANDARD
327 0 177 0 20.457521 STANDARD
327 0 693 0 20.198778 STANDARD
327 0 1103 0 20.082977 STANDARD
327 0 108 0 19.963093 STANDARD
331 0 240 0 18.027544 STANDARD
331 0 187 0 14.538205 STANDARD
331 0 959 0 14.137175 STANDARD
331 0 651 0 13.433701 STANDARD
331 0 455 0 13.2968 STANDARD
331 0 1364 0 12.771206 STANDARD
331 0 646 0 12.282423 STANDARD
331 0 1278 0 12.256207 STANDARD
331 0 45 0 12.224293 STANDARD
331 0 450 0 12.040255 STANDARD
332 0 1172 0 25.62519 STANDARD
332 0 1171 0 19.708603 STANDARD
332 0 887 0 18.564085 STANDARD
332 0 1125 0 17.646564 STANDARD
332 0 1145 0 17.53615 STANDARD
332 0 763 0 17.251553 STANDARD
332 0 938 0 17.058414 STANDARD
332 0 739 0 16.322634 STANDARD
332 0 1068 0 16.176044 STANDARD
332 0 831 0 15.747759 STANDARD
333 0 739 0 19.028797 STANDARD
333 0 1068 0 16.769264 STANDARD
333 0 763 0 15.300933 STANDARD
333 0 885 0 14.53099 STANDARD
333 0 1173 0 14.317451 STANDARD
333 0 741 0 14.255571 STANDARD
333 0 831 0 14.2065115 STANDARD
333 0 1071 0 14.090589 STANDARD
333 0 1117 0 13.763061 STANDARD
333 0 897 0 13.472747 STANDARD
335 0 1178 0 22.039333 STANDARD
335 0 838 0 20.433004 STANDARD
335 0 1177 0 18.99203 STANDARD
335 0 888 0 18.867393 STANDARD
335 0 1176 0 18.396881 STANDARD
335 0 1146 0 15.353878 STANDARD
335 0 1121 0 14.218669 STANDARD
335 0 870 0 13.751387 STANDARD
335 0 1116 0 13.242436 STANDARD
335 0 1133 0 13.2123165 STANDARD
336 0 885 0 16.278399 STANDARD
336 0 888 0 15.087247 STANDARD
336 0 769 0 14.822809 STANDARD
336 0 642 0 14.394374 STANDARD
336 0 887 0 14.273194 STANDARD
336 0 741 0 13.796193 STANDARD
336 0 1173 0 12.603161 STANDARD
336 0 105 0 12.139718 STANDARD
336 0 763 0 11.768723 STANDARD
336 0 891 0 11.510636 STANDARD
338 0 1294 0 31.295092 STANDARD
338 0 1362 0 23.050236 STANDARD
338 0 92 0 12.746679 STANDARD
338 0 828 0 11.752204 STANDARD
338 0 130 0 10.994803 STANDARD
338 0 852 0 10.782922 STANDARD
338 0 1054 0 10.563511 STANDARD
338 0 744 0 10.365679 STANDARD
338 0 1055 0 10.232678 STANDARD
338 0 848 0 10.206359 STANDARD
339 0 240 0 27.363482 STANDARD
339 0 535 0 25.473196 STANDARD
339 0 544 0 17.186789 STANDARD
339 0 604 0 15.614099 STANDARD
339 0 1253 0 14.982307 STANDARD
339 0 295 0 14.539863 STANDARD
339 0 849 0 14.464777 STANDARD
339 0 693 0 14.454931 STANDARD
339 0 1304 0 14.071828 STANDARD
339 0 1205 0 14.0351 STANDARD
340 0 693 0 13.624509 STANDARD
340 0 262 0 12.586065 STANDARD
340 0 175 0 12.565745 STANDARD
340 0 370 0 11.59255 STANDARD
340 0 1364 0 11.460579 STANDARD
340 0 240 0 11.437659 STANDARD
340 0 117 0 11.302283 STANDARD
340 0 893 0 11.14781 STANDARD
340 0 694 0 10.9956665 STANDARD
340 0 256 0 10.946125 STANDARD
347 0 240 0 14.477182 STANDARD
347 0 666 0 14.20887 STANDARD
347 0 1393 0 12.629493 STANDARD
347 0 670 0 12.469201 STANDARD
347 0 946 0 12.228949 STANDARD
347 0 324 0 12.04438 STANDARD
347 0 295 0 11.974902 STANDARD
347 0 983 0 11.96921 STANDARD
347 0 1151 0 11.705956 STANDARD
347 0 1159 0 11.377388 STANDARD
348 0 240 0 19.338585 STANDARD
348 0 101 0 12.885101 STANDARD
348 0 646 0 12.118879 STANDARD
348 0 666 0 11.932577 STANDARD
348 0 670 0 11.814424 STANDARD
348 0 270 0 11.561543 STANDARD
348 0 1393 0 11.541639 STANDARD
348 0 295 0 11.155799 STANDARD
348 0 1159 0 10.71069 STANDARD
348 0 983 0 10.353214 STANDARD
349 0 723 0 10.993004 STANDARD
349 0 149 0 10.534403 STANDARD
349 0 1392 0 10.433151 STANDARD
349 0 59 0 10.252353 STANDARD
349 0 993 0 10.033186 STANDARD
349 0 992 0 10.015283 STANDARD
349 0 361 0 9.558729 STANDARD
349 0 1082 0 9.42888 STANDARD
349 0 342 0 9.237709 STANDARD
349 0 240 0 9.230593 STANDARD
352 0 458 0 14.108402 STANDARD
352 0 1192 0 12.5830555 STANDARD
352 0 375 0 12.497203 STANDARD
352 0 1365 0 12.243013 STANDARD
352 0 292 0 11.763354 STANDARD
352 0 784 0 11.495892 STANDARD
352 0 23 0 11.185234 STANDARD
352 0 637 0 11.111041 STANDARD
352 0 4 0 10.997171 STANDARD
352 0 1182 0 10.923962 STANDARD
353 0 1366 0 15.533376 STANDARD
353 0 1386 0 13.445168 STANDARD
353 0 54 0 12.703491 STANDARD
353 0 388 0 11.766133 STANDARD
353 0 62 0 11.413364 STANDARD
353 0 458 0 11.268772 STANDARD
353 0 528 0 10.642037 STANDARD
353 0 122 0 10.044125 STANDARD
353 0 55 0 9.876453 STANDARD
353 0 266 0 9.601672 STANDARD
355 0 1399 0 16.339539 STANDARD
355 0 1130 0 13.089229 STANDARD
355 0 419 0 12.945572 STANDARD
355 0 400 0 12.102272 STANDARD
355 0 1400 0 11.47289 STANDARD
355 0 1396 0 9.785141 STANDARD
355 0 1070 0 9.724052 STANDARD
355 0 1050 0 9.041728 STANDARD
355 0 1178 0 8.47232 STANDARD
355 0 888 0 8.439932 STANDARD
356 0 400 0 21.054796 STANDARD
356 0 1399 0 19.804596 STANDARD
356 0 1398 0 17.08401 STANDARD
356 0 1400 0 14.904271 STANDARD
356 0 419 0 14.402458 STANDARD
356 0 1387 0 13.2720785 STANDARD
356 0 1396 0 12.855473 STANDARD
356 0 388 0 11.58012 STANDARD
356 0 1358 0 10.887931 STANDARD
356 0 1357 0 10.7715845 STANDARD
360 0 1312 0 23.046333 STANDARD
360 0 1286 0 19.324356 STANDARD
360 0 240 0 18.92015 STANDARD
360 0 236 0 17.29893 STANDARD
360 0 544 0 16.543856 STANDARD
360 0 401 0 15.717554 STANDARD
360 0 317 0 15.465134 STANDARD
360 0 604 0 14.786764 STANDARD
360 0 576 0 14.300643 STANDARD
360 0 656 0 14.073844 STANDARD
365 0 1188 0 30.298422 STANDARD
365 0 1380 0 17.021362 STANDARD
365 0 1218 0 14.3100815 STANDARD
365 0 1291 0 14.218455 STANDARD
365 0 1000 0 11.784594 STANDARD
365 0 1124 0 11.632799 STANDARD
365 0 1344 0 11.579332 STANDARD
365 0 431 0 11.394753 STANDARD
365 0 70 0 11.139617 STANDARD
365 0 1256 0 10.84308 STANDARD
